  0.16181432228894010     
  0.16184200194479734     
  0.16195358076600341     
  0.16213872225397830     
  0.16239361215152301     
  0.16278101399224279     
  0.16319364836228950     
  0.16368100112202286     
  0.16428404174911185     
  0.16496459044512549     
  0.16567703918896715     
  0.16648325936045583     
  0.16740731324203625     
  0.16828524034857326     
  0.16936891675928462     
  0.17043271649745478     
  0.17170114203222842     
  0.17289416746784309     
  0.17423966884865733     
  0.17469105779108540     
  0.17624832035683208     
  0.17775567904495443     
  0.17946392632364533     
  0.18122642785902249     
  0.18285348402079549     
  0.18491672125803116     
  0.18679136485113668     
  0.18800270548806330     
  0.19101065956794477     
  0.19232194321024992     
  0.19462718899025166     
  0.19706770575613675     
  0.19960767875533930     
  0.20223976642910113     
  0.20399834147519447     
  0.20678615857960575     
  0.20978912036735226     
  0.21268102892635771     
  0.21479301451592742     
  0.21780524858166689     
  0.22107622001103844     
  0.22446045590398728     
  0.22792447014234207     
  0.23052856651219283     
  0.23428634944453036     
  0.23807324665703261     
  0.24098221873143993     
  0.24503765272968026     
  0.24923023953752904     
  0.25248726974337704     
  0.25691111692562485     
  0.26048316096817642     
  0.26522387233428857     
  0.26985959331965581     
  0.27376352872103726     
  0.27880635537992660     
  0.28304803988081667     
  0.28828903609642981     
  0.29271476221716947     
  0.29829202378239161     
  0.30305403676691728     
  0.30802371701126025     
  0.31376115187703130     
  0.31940428271965698     
  0.32538823977262571     
  0.33090052804107550     
  0.33677038069220983     
  0.34345425269989649     
  0.34954702987000907     
  0.35591904726039580     
  0.36221447497971737     
  0.36883563077670967     
  0.37554347598751125     
  0.38281118389088042     
  0.39026572456754782     
  0.39761376300565543     
  0.40481618583810275     
  0.41268294811523598     
  0.41996305773148634     
  0.42816143787260219     
  0.43635887503308368     
  0.44409597046481752     
  0.45260357191795331     
  0.46144910080629020     
  0.47107104080051421     
  0.47992196745008819     
  0.48883546028180835     
  0.49850099959069505     
  0.50834698509395804     
  0.51798804227004558     
  0.52776754035823559     
  0.53835567489021197     
  0.54867906032354674     
  0.56012410805282387     
  0.57069488907702948     
  0.58210304794371193     
  0.59294980543084330     
  0.60532967944714489     
  0.61694893484799584     
  0.62902169227103943     
  0.64166867584346510     
  0.65442102437300342     
  0.66710384102222497     
  0.67999105303044405     
  0.69328897125473421     
  0.70697097863303027     
  0.72079869754256687     
  0.73575277916370363     
  0.74970382254014056     
  0.76466073640557530     
  0.78030379122076843     
  0.79571853514818736     
  0.81174566155887262     
  0.82794063517772398     
  0.84367798452853526     
  0.86051394405815751     
  0.87739745182568341     
  0.89523824386273054     
  0.91275737214337016     
  0.93099731120512552     
  0.94955505751727098     
  0.96818638069004193     
  0.98685898173810394     
   1.0068511812351315     
   1.0268269332714426     
   1.0461957973494953     
   1.0671770512778875     
   1.0874822328549552     
   1.1087784378955075     
   1.1311942365257870     
   1.1524938279438224     
   1.1755448632256096     
   1.1979262115702165     
   1.2215091292361435     
   1.2447380105921886     
   1.2683378273348618     
   1.2934937968201672     
   1.3181199664292613     
   1.3433068460877191     
   1.3683179165233368     
   1.3941222839642320     
   1.4209467409607850     
   1.4477590130251614     
   1.4746476387174448     
   1.5021033404383690     
   1.5294686089684308     
   1.5584589626986523     
   1.5865558127683692     
   1.6155543970069655     
   1.6453254227994680     
   1.6751224312487984     
   1.7051715471309490     
   1.7354273296959613     
   1.7662083126064658     
   1.7974190980798483     
   1.8290350202199495     
   1.8611126806719129     
   1.8930903620158048     
   1.9263014176724265     
   1.9582755091693702     
   1.9918635327579035     
   2.0257399834390348     
   2.0598562566257530     
   2.0931302207746025     
   2.1284064201293691     
   2.1629712022977734     
   2.1975663289536835     
   2.2332962659265840     
   2.2687582466973928     
   2.3052808293178613     
   2.3409359478168619     
   2.3777373726964650     
   2.4145786392905872     
   2.4514660564447159     
   2.4888239652070232     
   2.5263872006010826     
   2.5644912730764804     
   2.6032128423073546     
   2.6411579232116988     
   2.6798251739836871     
   2.7187604779203967     
   2.7579329658550753     
   2.7971138865093299     
   2.8359254039980253     
   2.8762824664328734     
   2.9162687794290600     
   2.9555671034131921     
   2.9958067046962076     
   3.0363823478868155     
   3.0767568619372820     
   3.1179744283934925     
  -3.1249005781020158     
  -3.0841443847171326     
  -3.0428247060958458     
  -3.0017606114231294     
  -2.9612497360621246     
  -2.9191471188686378     
  -2.8787392445800206     
  -2.8376136711122970     
  -2.7961364843864129     
  -2.7559725206833203     
  -2.7146086100712292     
  -2.6740850645295771     
  -2.6334335046965536     
  -2.5932205709102747     
  -2.5518882701509287     
  -2.5123988200508189     
  -2.4719631934292097     
  -2.4330090019251798     
  -2.3937721099051696     
  -2.3538106683868842     
  -2.3151984151804457     
  -2.2770328010346472     
  -2.2394390604564145     
  -2.2017357594192943     
  -2.1642331932659920     
  -2.1273741904240731     
  -2.0907458232609688     
  -2.0543249086279087     
  -2.0188385648893381     
  -1.9835802461950518     
  -1.9487437960628813     
  -1.9141376936466394     
  -1.8807915729089286     
  -1.8472706148713014     
  -1.8141312390656852     
  -1.7815148624188533     
  -1.7502081471283355     
  -1.7186707523717861     
  -1.6870773422508223     
  -1.6569777310337424     
  -1.6262252875053118     
  -1.5972175931632917     
  -1.5681190858195850     
  -1.5388136412873865     
  -1.5108218995577174     
  -1.4832150005904334     
  -1.4558549699094454     
  -1.4281103051082609     
  -1.4018723716047132     
  -1.3760569534071925     
  -1.3502539396541737     
  -1.3250701630914579     
  -1.2999993597086394     
  -1.2756867230527480     
  -1.2517977933464275     
  -1.2286346894421718     
  -1.2053821955175210     
  -1.1823067324892447     
  -1.1596857207345661     
  -1.1378871294034194     
  -1.1160919779625755     
  -1.0947545362332667     
  -1.0739174943967240     
  -1.0533167903549989     
  -1.0334804610094868     
  -1.0132049548455559     
 -0.99425262009556548     
 -0.97482436323389976     
 -0.95548073213558349     
 -0.93724668392647759     
 -0.91920622043478428     
 -0.90155918688818548     
 -0.88369064670075070     
 -0.86678560409556638     
 -0.85052052288030011     
 -0.83344238929931069     
 -0.81716703029601467     
 -0.80079023592096665     
 -0.78534304110587672     
 -0.76982986461192549     
 -0.75487747329687038     
 -0.74047725089564598     
 -0.72539612412662280     
 -0.71175426047516532     
 -0.69731717064968801     
 -0.68376075242591139     
 -0.67041434575096492     
 -0.65745389959405420     
 -0.64471845252702464     
 -0.63149497638096419     
 -0.61898474938508841     
 -0.60675175438278051     
 -0.59466952249290705     
 -0.58255990957410708     
 -0.57116939324963545     
 -0.56007243459370470     
 -0.54890585098281497     
 -0.53835350389920889     
 -0.52733179375828665     
 -0.51714901453463347     
 -0.50631687288796767     
 -0.49635043380672772     
 -0.48649103705969754     
 -0.47661278099778204     
 -0.46733570763290300     
 -0.45773305334632897     
 -0.44928391703954107     
 -0.43970181538122100     
 -0.43105849738914104     
 -0.42282421647925084     
 -0.41377411777103368     
 -0.40558195349237858     
 -0.39762031668268782     
 -0.38967850481915534     
 -0.38219034161201215     
 -0.37468190434757370     
 -0.36627000897288065     
 -0.35885026544291104     
 -0.35176416282171991     
 -0.34475455172322023     
 -0.33871576685568333     
 -0.33117777919281877     
 -0.32449836018907380     
 -0.31788873826070058     
 -0.31223477305715580     
 -0.30558336099367811     
 -0.29925988592676483     
 -0.29301186959104081     
 -0.28787348421108677     
 -0.28214693825146447     
 -0.27622254047889533     
 -0.27036419370663711     
 -0.26552004591971534     
 -0.25979805057135552     
 -0.25408578003392734     
 -0.24953493099277302     
 -0.24404228393775246     
 -0.23968196176603629     
 -0.23433693069336198     
 -0.23007736112334726     
 -0.22484481143348056     
 -0.22073319555014353     
 -0.21666402817129193     
 -0.21159794160355361     
 -0.20775612398896104     
 -0.20388711639201573     
 -0.19906055068915984     
 -0.19534757905571865     
 -0.19163955917333869     
 -0.18802050120668168     
 -0.18346282828948660     
 -0.17992315075053789     
 -0.17645762949949195     
 -0.17304136447083932     
 -0.16965966875530217     
 -0.16632021717178949     
 -0.16319253700390859     
 -0.15991997562941382     
 -0.15673110242640997     
 -0.15272207488140727     
 -0.14966034230718819     
 -0.14666375833270071     
 -0.14370527656473148     
 -0.14076540054392597     
 -0.13878545446322774     
 -0.13600211742637675     
 -0.13324208962221692     
 -0.13047819133329339     
 -0.12775488201950455     
 -0.12494984900185452     
 -0.12242644956293919     
 -0.11985504295802551     
 -0.11727802388497657     
 -0.11571179258156691     
 -0.11318022061634522     
 -0.11077772619304552     
 -0.10829314565116813     
 -0.10587054681351968     
 -0.10448584283041090     
 -0.10212683531712016     
  -9.9812062493966791E-002
  -9.7495876898372080E-002
  -9.6205851430340827E-002
  -9.4054832633318736E-002
  -9.1833435367466243E-002
  -9.0594758069815817E-002
  -8.8493622326311347E-002
  -8.6342360362554049E-002
  -8.5307158621701226E-002
  -8.3167479441020320E-002
  -8.2066291442995862E-002
  -8.0060845977022496E-002
  -7.8029240814689399E-002
  -7.7088004272866717E-002
  -7.5108197136463564E-002
  -7.4153899786833677E-002
  -7.2197591386225002E-002
  -7.1256312763597479E-002
  -6.9360974033272751E-002
  -6.8484945241855763E-002
  -6.6627410094487458E-002
  -6.4851541305623053E-002
  -6.4021382804055990E-002
  -6.2222442960295554E-002
  -6.1434409438813203E-002
  -6.0666844223601829E-002
  -5.8919872747268870E-002
  -5.8195326124093880E-002
  -5.6447398705290711E-002
  -5.5744818273736688E-002
  -5.4057881958404830E-002
  -5.3386470254550206E-002
  -5.2715350071678033E-002
  -5.1117864275702973E-002
  -5.0491992261789617E-002
  -4.8879385251738183E-002
  -4.8220056766419703E-002
  -4.7656838412591954E-002
  -4.6105751221752464E-002
  -4.5540495489360761E-002
  -4.3969777425181850E-002
  -4.3449854558725097E-002
  -4.2901422982752770E-002
  -4.1410823304283279E-002
  -4.0861353669727360E-002
  -4.0407270238542022E-002
  -3.8908330887268548E-002
  -3.8425542384759655E-002
  -3.7964353658390279E-002
  -3.7511286479082820E-002
  -3.6068826673234335E-002
  -3.5636494490621187E-002
  -3.5215480074982215E-002
  -3.3798842486841618E-002
  -3.3381473889191576E-002
  -3.3001343900812607E-002
  -3.2612755146290889E-002
  -3.1226564337847020E-002
  -3.0868707267756465E-002
  -3.0497041407614632E-002
  -3.0140902237862817E-002
  -2.8757948674565090E-002
  -2.8452594980868710E-002
  -2.8115259478824123E-002
  -2.7800437842609146E-002
  -2.6478747392562715E-002
  -2.6167479655244852E-002
  -2.5859482233833025E-002
  -2.5561034625029726E-002
  -2.4279193475927316E-002
  -2.3985297940489238E-002
  -2.3705059140821785E-002
  -2.3418609706105105E-002
  -2.3147551773208853E-002
  -2.1900188372598543E-002
  -2.1643033244154480E-002
  -2.1382806219263209E-002
  -2.1149331213802490E-002
  -2.0906982523684104E-002
  -2.0663456317027665E-002
  -1.9432429894171026E-002
  -1.9217974476049442E-002
  -1.8999470662316751E-002
  -1.8783625715285579E-002
  -1.8566115045954405E-002
  -1.8360261290166713E-002
  -1.7150921859893049E-002
  -1.6969791164823486E-002
  -1.6771398377401874E-002
  -1.6598502302681478E-002
  -1.6411746713299466E-002
  -1.6221583510412817E-002
  -1.6060050218797257E-002
  -1.4867180974444835E-002
  -1.4726575309957250E-002
  -1.4558519440213327E-002
  -1.4393729814574169E-002
  -1.4230425900156080E-002
  -1.4075622380605335E-002
  -1.3938400122652891E-002
  -1.3786525839572347E-002
  -1.2635640081524076E-002
  -1.2500453567375031E-002
  -1.2356788588438035E-002
  -1.2214411172389923E-002
  -1.2091448758720598E-002
  -1.1960615970820578E-002
  -1.1832591916435466E-002
  -1.1705766159265048E-002
  -1.0575351077484085E-002
  -1.0467408660407955E-002
  -1.0348975648100934E-002
  -1.0233324185719317E-002
  -1.0121138279904813E-002
  -1.0008665530185028E-002
  -9.9040561718105914E-003
  -9.8076369075550604E-003
  -9.6889819064518608E-003
  -9.6032702594397827E-003
  -9.5002990910467051E-003
  -8.4085740642689637E-003
  -8.3072958022652570E-003
  -8.2170620974780853E-003
  -8.1330494594780110E-003
  -8.0465492815306634E-003
  -7.9561507587366728E-003
  -7.8758732836851676E-003
  -7.7877584709741170E-003
  -7.7116444697800180E-003
  -7.6298505973842164E-003
  -7.5475299588058488E-003
  -7.4767773466215661E-003
  -7.4016430202913349E-003
  -6.3298705891402778E-003
  -6.2535466085774493E-003
  -6.1898299718861922E-003
  -6.1217016464949359E-003
  -6.0486017635925215E-003
  -5.9918066594425567E-003
  -5.9295556820929424E-003
  -5.8600634452814129E-003
  -5.8050252369092710E-003
  -5.7443539986739628E-003
  -5.6801193415966381E-003
  -5.6243463334509402E-003
  -5.5675940076537886E-003
  -5.5142238090116471E-003
  -5.4658757073108048E-003
  -5.4094375286497269E-003
  -5.3540541646144016E-003
  -5.3096552957146185E-003
  -5.2642831701588738E-003
  -4.2120834524977425E-003
  -4.1666676910488056E-003
  -4.1145064654449937E-003
  -4.0758815387807405E-003
  -4.0340191971227719E-003
  -3.9904829956308244E-003
  -3.9459739883685192E-003
  -3.9074950746109801E-003
  -3.8675776105236157E-003
  -3.8217601659613085E-003
  -3.7796981278098484E-003
  -3.7428260550015063E-003
  -3.7104238138109839E-003
  -3.6754500260540940E-003
  -3.6329944901712695E-003
  -3.6031740992914152E-003
  -3.5687143155647737E-003
  -3.5366652230231247E-003
  -3.5012326523903032E-003
  -3.4749955323876208E-003
  -3.4368745997306023E-003
  -3.4048837689023073E-003
  -3.3751518018413805E-003
  -3.3469230300048119E-003
  -3.3163029774105372E-003
  -3.2914928299381313E-003
  -3.2686280817455105E-003
  -2.2404149415993641E-003
  -2.2079994391668752E-003
  -2.1897165782171091E-003
  -2.1583561336845029E-003
  -2.1334009667366635E-003
  -2.1098196875867113E-003
  -2.0901872933764398E-003
  -2.0657425780214022E-003
  -2.0439465893053645E-003
  -2.0205334450984942E-003
  -2.0000665917993439E-003
  -1.9710061145670338E-003
  -1.9608817375426461E-003
  -1.9362465780727919E-003
  -1.9166643337193610E-003
  -1.8953725852475182E-003
  -1.8754882503840622E-003
  -1.8644172407272274E-003
  -1.8443446019094315E-003
  -1.8246847085582768E-003
  -1.8106829320034866E-003
  -1.7910644909250087E-003
  -1.7655022955911565E-003
  -1.7512168690263295E-003
  -1.7365455831373088E-003
  -1.7270382300491774E-003
  -1.7040546739519277E-003
  -1.6962390156749592E-003
  -1.6738136600587469E-003
  -1.6659882472097342E-003
  -1.6498043748353892E-003
  -1.6301958157121719E-003
  -1.6193273738327836E-003
  -1.6054374193206697E-003
  -1.5940648247281682E-003
  -1.5832779765002046E-003
  -1.5685429327139751E-003
  -1.5610607315671900E-003
  -1.5477116975087290E-003
  -1.5359672553736338E-003
  -1.5197901833769937E-003
  -1.5157282157831665E-003
  -1.5011310065738185E-003
  -1.4927322814963302E-003
  -1.4807289701312168E-003
  -1.4698854108167103E-003
  -1.4589294893428274E-003
  -1.4487987947946449E-003
  -1.4381785315116446E-003
  -1.4272855153046131E-003
  -1.4239196769244753E-003
  -1.4126257593084033E-003
  -1.4079199681784130E-003
  -1.3916051432612312E-003
  -1.3863268271087229E-003
  -1.3762957934392234E-003
  -1.3747454533319897E-003
  -1.3644892485292102E-003
  -1.3531369992829390E-003
  -1.3500391313766460E-003
  -1.3393548604902360E-003
  -1.3366555634556315E-003
  -1.3264134181914943E-003
  -1.3228909976361076E-003
  -1.3100869101379641E-003
  -3.0956121756320039E-004
  -1.2981519787621551E-003
  -1.2869821650593810E-003
  -1.2868744337674915E-003
  -1.2753189628642691E-003
  -1.2742610909367460E-003
  -2.7185606366511138E-004
  -1.2613138930350387E-003
  -1.2604448765509942E-003
  -1.2501246948250569E-003
  -2.4978619158005596E-004
  -1.2394136185308715E-003
  -2.3855455028048327E-004
  -1.2260299012211728E-003
  -2.2544178576472699E-004
  -2.2452597808418195E-004
  -2.2425563642871271E-004
  -2.1196745735947231E-004
  -2.0386608741148086E-004
  -2.0147717647386746E-004
  -2.0115919260116377E-004
  -1.9059868582261543E-004
  -1.8944290148515341E-004
  -1.8882541820394619E-004
  -1.7812587251288411E-004
  -1.7772609033953838E-004
  -1.7761755455193489E-004
  -1.6652766354638892E-004
  -1.6389254121642227E-004
  -1.6371249164100145E-004
  -1.6346836968586585E-004
  -1.5315819995571000E-004
  -1.5232090934315010E-004
  -1.5174559631733731E-004
  -1.5094257127287649E-004
  -1.4500245587248405E-004
  -1.3996716990744679E-004
  -1.3975517832711683E-004
  -1.3919282624674811E-004
  -1.3540190758955803E-004
  -1.3097591089384101E-004
  -1.2912059390297360E-004
  -1.2464603443770525E-004
  -1.2295799737192868E-004
  -1.1921870912491735E-004
  -1.1909686412534849E-004
  -1.0905268061573012E-004
  -1.0850220441408539E-004
  -1.0842810828508385E-004
  -1.0787242461641377E-004
  -1.0786444922173901E-004
  -9.7676372215454738E-005
  -9.7411264347892906E-005
  -9.7350930444961456E-005
  -9.7317231842377277E-005
  -9.6222757001041009E-005
  -9.5999909118154686E-005
  -9.5231986134812979E-005
  -8.5621858344978562E-005
  -8.5323654104235615E-005
  -8.4955771336455918E-005
  -8.4546999009880476E-005
  -8.4311238449311186E-005
  -8.3503882519811098E-005
  -1.0750834136021622E-003
  -7.3473577604604885E-005
  -7.3448278073484424E-005
  -7.3169850256129491E-005
  -7.3093350861861035E-005
  -7.2725974109553917E-005
  -7.2481872085486398E-005
  -6.2451893438107827E-005
  -6.2445472245770432E-005
  -6.2320607339180073E-005
  -6.2287108249247302E-005
  -6.2084399371175464E-005
  -6.1936371175956139E-005
  -6.1174751006557067E-005
  -5.7218070340428516E-005
  -5.4724711549135503E-005
  -5.3510114402661926E-005
  -5.1759820050983462E-005
  -5.1022902561731042E-005
  -5.0913324688778338E-005
  -5.0878569251205496E-005
  -5.0532734276066216E-005
  -5.0511162942182795E-005
  -5.0195281922672981E-005
  -4.7107957997122394E-005
  -4.6928891640103231E-005
  -4.5917798284799295E-005
  -4.5115835721817573E-005
  -4.2409299141512322E-005
  -4.2102462301806670E-005
  -4.1403917937514814E-005
  -4.1388458451278301E-005
  -4.0111479596819733E-005
  -3.9717289547915252E-005
  -3.5915064911716706E-005
  -3.5312871545548205E-005
  -3.4909976517023128E-005
  -3.4623803313170876E-005
  -3.4109175463000515E-005
  -3.0810402943075646E-005
  -3.0333355670564841E-005
  -2.9902810095937867E-005
  -2.9859033737850106E-005
  -2.9744178057237959E-005
  -2.9701789546729895E-005
  -2.9647319695720034E-005
  -2.9430456379514686E-005
  -2.9382246305063040E-005
  -2.9279362095627030E-005
  -2.9106411859553070E-005
  -2.9003726999989390E-005
  -2.8834527723604333E-005
  -2.8351813165307252E-005
  -2.8205445450425574E-005
  -2.6769801619405675E-005
  -2.5808935363590396E-005
  -2.4803825508713144E-005
  -2.4618785635136496E-005
  -2.3783645618162107E-005
  -2.2782832072575608E-005
  -2.1837868813065356E-005
  -2.1129352395147724E-005
  -1.9692170355956311E-005
  -1.9322153024486964E-005
  -1.9252476754090401E-005
  -1.8975751234245669E-005
  -1.8965608216021945E-005
  -1.8943469221209194E-005
  -1.8896908588542528E-005
  -1.8724890257325452E-005
  -1.8541316450788490E-005
  -1.8292823671649597E-005
  -1.8078781369315101E-005
  -1.7986427476739553E-005
  -1.7424589703027120E-005
  -1.5786167702133268E-005
  -1.5711965567280712E-005
  -1.5658059215521150E-005
  -1.4769777213023087E-005
  -1.4537749158459673E-005
  -1.4457054015718819E-005
  -1.3665118558719644E-005
  -1.3398591497289052E-005
  -1.1792800741792803E-005
  -1.1694743354146928E-005
  -1.1677063725566792E-005
  -1.1632210359962224E-005
  -1.1116379288966588E-005
  -1.0369468326979501E-005
  -1.0081701820359315E-005
  -9.6536290250957748E-006
  -8.4285734920166739E-006
  -8.1229909619662949E-006
  -8.0252814142792953E-006
  -7.9230934926408873E-006
  -7.8875091227500766E-006
  -7.7438825341568079E-006
  -7.2501107356872079E-006
  -6.8900192113216172E-006
  -6.6839595377350246E-006
  -5.5469926344155727E-006
  -5.5110889870186360E-006
  -5.4479777337741557E-006
  -4.6517949736013184E-006
  -4.6416297491949556E-006
  -4.4136325094109360E-006
  -3.7995544710006570E-006
  -3.7509338344007132E-006
  -3.7359533479686471E-006
  -3.5270504995092190E-006
  -3.3220085851497824E-006
  -3.1817196732830937E-006
  -3.0382523130353944E-006
  -2.8808466747678660E-006
  -2.8781763889268973E-006
  -2.6020261460761758E-006
  -2.5550720815098200E-006
  -2.3528030526694544E-006
  -1.7576978057693479E-006
  -1.7507453257191267E-006
  -1.5572803449034455E-006
  -1.5279839883533368E-006
  -1.1196609452299167E-006
  -1.0562040483027071E-006
  -9.5901351172388710E-007
  -9.5611429377353771E-007
  -8.8703518424937400E-007
  -8.4190001851556714E-007
  -8.3928756587615082E-007
  -7.1357747417379047E-007
  -7.0885764694573854E-007
  -1.3534797397825662E-007
   6.1964155956880512E-008
   4.1359606652328559E-007
   2.3241569477292813E-006
   2.3472815231068925E-006
   2.5751125469473425E-006
   2.6347457265862243E-006
   2.8638029647475114E-006
   3.1599693391709711E-006
   3.3224683236496560E-006
   3.3519775269649343E-006
   5.0871405951227570E-006
   7.0332780713194820E-006
   7.0851035787636123E-006
   8.9737059884695183E-006
   9.1704929907458505E-006
   9.2946731876100089E-006
   9.3323069848961875E-006
   9.3643070146857965E-006
   9.5066702920970549E-006
   9.5429361934671209E-006
   1.1105992190182414E-005
   1.1150685349561960E-005
   1.1215579935428639E-005
   1.2061601220222972E-005
   1.2354099683963568E-005
   1.2557250098862039E-005
   1.2625088525494710E-005
   1.2875611080035180E-005
   1.3085223120224473E-005
   1.3469986417138403E-005
   1.3471962262662923E-005
   1.3613217605729869E-005
   1.3643902760179360E-005
   1.3680937668480260E-005
   1.3723685400123366E-005
   1.3877529168858285E-005
   1.3966629995849347E-005
   1.4001616147748305E-005
   1.4180118677315943E-005
   1.4263246283864866E-005
   1.4269625141400365E-005
   1.5187274899682935E-005
   1.5201877316447848E-005
   1.5283307505260671E-005
   1.5890223901789645E-005
   1.6427503748464448E-005
   1.7277026731466871E-005
   1.7303702168916741E-005
   1.7339071414325521E-005
   1.7907516494189814E-005
   1.8252993318544023E-005
   1.9684033693872626E-005
   2.1493610202862013E-005
   2.3534083538891593E-005
   2.4584396600709976E-005
   2.5321620139994176E-005
   2.5499432670071545E-005
   2.6450207157302941E-005
   2.6586397159261959E-005
   2.7154380600677755E-005
   2.7408720651752390E-005
   2.7456765684153697E-005
   2.7678064632498302E-005
   2.7714794376347768E-005
   2.8462999463887994E-005
   2.9036993724858881E-005
   2.9439656966183847E-005
   3.0207173440577740E-005
   3.1989374813780227E-005
   3.2440455884256677E-005
   3.4465161890206769E-005
   3.4996334353634001E-005
   3.5555089963595758E-005
   3.6529035447792585E-005
   3.7199800292899354E-005
   3.7232769212752520E-005
   3.7752206911900645E-005
   3.7756194054694632E-005
   3.9424035940895368E-005
   3.9597746318069350E-005
   3.9839967736178040E-005
   3.9852206216741109E-005
   4.0150370373370726E-005
   4.1587245538922792E-005
   5.0257868203883518E-005
   5.0320552544659081E-005
   5.0504094103510293E-005
   5.0674822418145206E-005
   5.0848424036777627E-005
   5.2623519493960017E-005
   5.2695077748772219E-005
   5.3257460773170184E-005
   5.3284553345826313E-005
   5.3419891733159724E-005
   5.3660303451058414E-005
   5.5268533094445893E-005
   5.5695527421029730E-005
   5.7972340184070468E-005
   5.7986107429588226E-005
   6.8720190840774152E-005
   6.8948246462138449E-005
   6.9066037443349750E-005
   6.9802599078861056E-005
   7.0570413646960052E-005
   7.0762046410212192E-005
   7.0985825795839776E-005
   7.1227032652107568E-005
   7.1253113607304950E-005
   7.5010188177860476E-005
   8.1505983848132683E-005
   8.1726115981936142E-005
   8.2207170766734243E-005
   8.2312494087214685E-005
   8.2549381498813780E-005
   8.2809170247478319E-005
   9.2308041768163077E-005
   9.2832905356288360E-005
   9.3200902693558996E-005
   9.3242980817622974E-005
   9.3647014854566775E-005
   9.3854559293628757E-005
   1.0395588280675465E-004
   1.0397186986335844E-004
   1.0422946231531511E-004
   1.0431602254893399E-004
   1.0432750835150898E-004
   1.1453787263891128E-004
   1.1455290961873306E-004
   1.1559817282296532E-004
   1.1571530198902392E-004
   1.2016006926136847E-004
   1.2592829098753006E-004
   1.2600532476585548E-004
   1.2637717924484076E-004
   1.2649844739388394E-004
   1.2748505831158320E-004
   1.3766153529421853E-004
   1.3805084386064078E-004
   1.3847102831197975E-004
   1.3909462449663917E-004
   1.5154687739323621E-004
   1.5287432029587695E-004
   1.5327773086038529E-004
   1.5420792754721694E-004
   1.5564142582019484E-004
   1.6714694642616700E-004
   1.6771019324171273E-004
   1.6799561602007652E-004
   1.7688316757996723E-004
   1.7813261372014199E-004
   1.7941742930437923E-004
   1.7968359177974254E-004
   1.8990539843218284E-004
   1.9109712573227538E-004
   1.9290429623006200E-004
   1.9408751952608720E-004
  -7.9131729961848707E-004
   2.0931213069392456E-004
  -7.8281259839826445E-004
  -7.8020552497789846E-004
   2.2011529789393131E-004
   2.2039078654289852E-004
  -7.6832134211190150E-004
   2.3210323343157810E-004
   2.3351398818872147E-004
   2.3565387116371165E-004
   2.3795049752726636E-004
   2.3878963203250976E-004
   2.4130141951666031E-004
   2.4226246264245259E-004
   2.4363175900603490E-004
   2.5394924750134738E-004
   2.6062253117629377E-004
   2.6310482681766957E-004
   2.6398220004921575E-004
  -7.2498200041975353E-004
   2.7850444565916837E-004
  -7.1561241594039922E-004
   2.8448811401734445E-004
  -7.0544697870851699E-004
  -7.0368650630825143E-004
  -6.8993691467643782E-004
  -6.8286066682116510E-004
  -6.7657549327953897E-004
  -6.7638003622151827E-004
  -6.7582124624462349E-004
  -6.7264210330425349E-004
  -6.7182286981766330E-004
  -5.6378791701905081E-004
