   0.0000000000000000        1.0000000000000000     
   3.1996265646781201E-005  0.99980399439042555     
   6.3997956649123624E-005  0.99960798966657183     
   9.6021517428251241E-005  0.99941198851464907     
   1.2808136560324158E-004  0.99921599329497524     
   1.6019116993770701E-004  0.99902000625339948     
   1.9237689760141427E-004  0.99882403166592759     
   2.2464348837318774E-004  0.99862807037607682     
   2.5700557758472770E-004  0.99843212483470911     
   2.8948582402688137E-004  0.99823619884462345     
   3.2209940011425418E-004  0.99804029500429658     
   3.5485253935772277E-004  0.99784441444918792     
   3.8776359079419260E-004  0.99764856036397820     
   4.2085560788159769E-004  0.99745273677396651     
   4.5411953103175428E-004  0.99725694231179596     
   4.8759561244856632E-004  0.99706118401191324     
   5.2127992251232546E-004  0.99686546143463728     
   5.5521246492686645E-004  0.99666978174083820     
   5.8937843398970875E-004  0.99647414266867218     
   6.2380760468828099E-004  0.99627854974394070     
   6.5832506035979027E-004  0.99608297238008192     
   6.9314703936208821E-004  0.99588744900608694     
   7.2826370254927206E-004  0.99569197834341194     
   7.6371422656452677E-004  0.99549656795385433     
   7.9950910645114532E-004  0.99530122034937984     
   8.3562178034098133E-004  0.99510593124373259     
   8.7213730483488329E-004  0.99491071706271350     
   9.0901872196514266E-004  0.99471557167826774     
   9.4613649951298011E-004  0.99452047111294328     
   9.8384096180055862E-004  0.99432548307863444     
   1.0218010762189549E-003  0.99413054465319362     
   1.0602104703589651E-003  0.99393569425303541     
   1.0990952853098793E-003  0.99374093817183062     
   1.1384746494846859E-003  0.99354628148513024     
   1.1783662301257998E-003  0.99335172912252845     
   1.2185998838365371E-003  0.99315724721306364     
   1.2593755604923299E-003  0.99296287822327034     
   1.3007347350670493E-003  0.99276863255747960     
   1.3426554766161716E-003  0.99257450731072383     
   1.3849861140908760E-003  0.99238047103285032     
   1.4279010413233725E-003  0.99218656314487097     
   1.4714500050076985E-003  0.99199279666747608     
   1.5156544695239017E-003  0.99179917867937362     
   1.5605293629532288E-003  0.99160571497750760     
   1.6059079017815077E-003  0.99141236879002559     
   1.6520126715099392E-003  0.99121919448995366     
   1.6988486401239937E-003  0.99102619616860343     
   1.7462458365078346E-003  0.99083333490817260     
   1.7944247771007403E-003  0.99064066744936508     
   1.8434110669343750E-003  0.99044820367768760     
   1.8930239561485095E-003  0.99025590047640422     
   1.9434870770911117E-003  0.99006381863596959     
   1.9946359994267009E-003  0.98987191827707488     
   2.0466940877990484E-003  0.98968026255596275     
   2.0996400760767710E-003  0.98948885022008726     
   2.1533329203838906E-003  0.98929764604003301     
   2.2079892874350541E-003  0.98910671505370351     
   2.2634550293782977E-003  0.98891601761934567     
   2.3199194495119781E-003  0.98872561349843713     
   2.3772259904012829E-003  0.98853546113749646     
   2.4355921639647718E-003  0.98834563134588416     
   2.4948616442674169E-003  0.98815608164605673     
   2.5550723901820124E-003  0.98796682883610032     
   2.6163679647989465E-003  0.98777792459439995     
   2.6787285691367694E-003  0.98758936925762419     
   2.7422163572854066E-003  0.98740119045765995     
   2.8067404714263722E-003  0.98721336447784269     
   2.8723659784702575E-003  0.98702592047867166     
   2.9392428620086332E-003  0.98683891929565881     
   3.0072578537407037E-003  0.98665232904698630     
   3.0764604129481505E-003  0.98646617597610342     
   3.1468335062895519E-003  0.98628046225088750     
   3.2184346875926031E-003  0.98609521854428450     
   3.2912768348391996E-003  0.98591045929124288     
   3.3654598228112882E-003  0.98572623430842155     
   3.4410140495209785E-003  0.98554256743926349     
   3.5179158155844120E-003  0.98535946069887326     
   3.5961343877865455E-003  0.98517691258203099     
   3.6757865875132524E-003  0.98499498543430775     
   3.7567611143444713E-003  0.98481364297925522     
   3.8392196176305748E-003  0.98463297047100951     
   3.9231563853556802E-003  0.98445297997397185     
   4.0084832305130940E-003  0.98427364428456376     
   4.0953326859080475E-003  0.98409504100324563     
   4.1837585635101492E-003  0.98391721292849277     
   4.2738913724961729E-003  0.98374024390085157     
   4.3655869704846617E-003  0.98356407955340996     
   4.4588491447289120E-003  0.98338873952131456     
   4.5538016921920048E-003  0.98321430909469620     
   4.6504670488823029E-003  0.98304082200925191     
   4.7488004860846067E-003  0.98286827492834938     
   4.8488166180398959E-003  0.98269669773479296     
   4.9506437921775530E-003  0.98252618912325929     
   5.0542257352375053E-003  0.98235674077988611     
   5.1597401963568504E-003  0.98218848900873734     
   5.2670272818706185E-003  0.98202136198733758     
   5.3762139562178015E-003  0.98185546976285132     
   5.4871935650490479E-003  0.98169077159521223     
   5.6002035600350841E-003  0.98152745992681933     
   5.7151034438192600E-003  0.98136547234486815     
   5.8319505435681851E-003  0.98120488369246628     
   5.9508192067257533E-003  0.98104578560662259     
   6.0717070239125204E-003  0.98088821627059608     
   6.1945834880180487E-003  0.98073219276413337     
   6.3194604009389173E-003  0.98057776570491328     
   6.4463797706234898E-003  0.98042501285355244     
   6.5753771614440624E-003  0.98027401075700582     
   6.7064501679421707E-003  0.98012480677928560     
   6.8397396444449966E-003  0.97997757948747599     
   6.9750700576922389E-003  0.97983222598992492     
   7.1125592925725470E-003  0.97968891280039927     
   7.2522734702813261E-003  0.97954776780917696     
   7.3941466770072826E-003  0.97940879315964224     
   7.5382289316449184E-003  0.97927211008132409     
   7.6845057740393980E-003  0.97913777823335379     
   7.8328784430017982E-003  0.97900576493438363     
   7.9834525499415648E-003  0.97887626822276785     
   8.1361914514697410E-003  0.97874933206574410     
   8.2911705671597936E-003  0.97862514094810704     
   8.4483015092018405E-003  0.97850368384846698     
   8.6076215608570875E-003  0.97838511285226404     
   8.7691144633573088E-003  0.97826951872420365     
   8.9327328844189119E-003  0.97815695331082408     
   9.0984245491317322E-003  0.97804746252470631     
   9.2662719182841115E-003  0.97794130593909512     
   9.4362062170320875E-003  0.97783852318709341     
   9.6080993017850676E-003  0.97773905094265257     
   9.7820414524375111E-003  0.97764320685975536     
   9.9578937438901914E-003  0.97755091421871154     
   1.0135671494293973E-002  0.97746238720892709     
   1.0315388820195660E-002  0.97737786713574470     
   1.0496865488134114E-002  0.97729719385024105     
   1.0680153382444425E-002  0.97722072485129841     
   1.0865106708368781E-002  0.97714837689189715     
   1.1051714623235023E-002  0.97708041038463600     
   1.1239850839285677E-002  0.97701679651657136     
   1.1429435802684370E-002  0.97695763993069018     
   1.1620448766721952E-002  0.97690327075220107     
   1.1812742583235341E-002  0.97685362150114208     
   1.2006225786902103E-002  0.97680883076662206     
   1.2200768624083973E-002  0.97676889275839396     
   1.2396277155862020E-002  0.97673398754385532     
   1.2592651553772476E-002  0.97670433866790185     
   1.2789750227820600E-002  0.97667996506151156     
   1.2987432948978663E-002  0.97666089933950728     
   1.3185564563674972E-002  0.97664726763903253     
   1.3383994985373507E-002  0.97663906229049990     
   1.3582579871057324E-002  0.97663661215214770     
   1.3781155209280914E-002  0.97663974185650870     
   1.3979556316301997E-002  0.97664862784169937     
   1.4177605001162021E-002  0.97666341562128978     
   1.4375125206211684E-002  0.97668409722173899     
   1.4571934872311634E-002  0.97671070390002901     
   1.4767849581220842E-002  0.97674325212322199     
   1.4962669777806905E-002  0.97678181442349266     
   1.5156191729349585E-002  0.97682643744749498     
   1.5348206406882191E-002  0.97687715552723042     
   1.5538495665264282E-002  0.97693400584072465     
   1.5726870008297384E-002  0.97699691106218400     
   1.5913051710070993E-002  0.97706603655621249     
   1.6096928400927732E-002  0.97714107869477196     
   1.6278181337576570E-002  0.97722225340115376     
   1.6456580894980880E-002  0.97730952056518439     
   1.6631899988140922E-002  0.97740282209557661     
   1.6804018098456053E-002  0.97750190446586294     
   1.6972534602535609E-002  0.97760699560655906     
   1.7137318722134365E-002  0.97771784755254132     
   1.7298170070672345E-002  0.97783433276050147     
   1.7454757632794620E-002  0.97795648960799109     
   1.7606915730830123E-002  0.97808412139557643     
   1.7754311952114531E-002  0.97821722403999445     
   1.7896869706760098E-002  0.97835549640379293     
   1.8034243464655746E-002  0.97849892028828089     
   1.8166241283488520E-002  0.97864730672911493     
   1.8292676957680894E-002  0.97880046018252531     
   1.8413304252476479E-002  0.97895822905065299     
   1.8527921539360965E-002  0.97912041671216654     
   1.8636277113690480E-002  0.97928685297477691     
   1.8738108403261202E-002  0.97945735912852028     
   1.8833398074471618E-002  0.97963160561646367     
   1.8921880564280128E-002  0.97980940552927942     
   1.9003375050003862E-002  0.97999051491279288     
   1.9077714326858904E-002  0.98017467688475413     
   1.9144782760666966E-002  0.98036160945330908     
   1.9204547371740377E-002  0.98055100362234082     
   1.9256622002648355E-002  0.98074265484935441     
   1.9300993623972532E-002  0.98093623459834967     
   1.9337725585103362E-002  0.98113140816989941     
   1.9366576224197810E-002  0.98132790142836857     
   1.9387432464151682E-002  0.98152540326951188     
   1.9400299832900814E-002  0.98172358599030629     
   1.9404989976353343E-002  0.98192213060129940     
   1.9401675084101996E-002  0.98212070293444120     
   1.9390272132520099E-002  0.98231897530441548     
   1.9370688694179357E-002  0.98251660740945601     
   1.9343008462068056E-002  0.98271326895818956     
   1.9307386187756313E-002  0.98290864811156287     
   1.9263571937694721E-002  0.98310235477508157     
   1.9211968308014370E-002  0.98329413335940163     
   1.9152523529908174E-002  0.98348362815710311     
   1.9085272419875590E-002  0.98367049508354909     
   1.9010572246658770E-002  0.98385451096362841     
   1.8928326523269007E-002  0.98403528043279864     
   1.8838824905798975E-002  0.98421256952008340     
   1.8742192137968783E-002  0.98438607475972040     
   1.8638662216641785E-002  0.98455555489244995     
   1.8528217706388010E-002  0.98472061236775721     
   1.8411342964436223E-002  0.98488118090357202     
   1.8288072836694709E-002  0.98503689357359792     
   1.8158832096713519E-002  0.98518768744326479     
   1.8023775664463747E-002  0.98533329554780558     
   1.7883009893595602E-002  0.98547339179240867     
   1.7736940956352934E-002  0.98560794968170840     
   1.7585844151397086E-002  0.98573683612603880     
   1.7430009923292546E-002  0.98585995254797776     
   1.7269645648452240E-002  0.98597710740001110     
   1.7105001554190313E-002  0.98608816721373627     
   1.6936376661709836E-002  0.98619308435073472     
   1.6764022789136957E-002  0.98629175604175667     
   1.6588190297383298E-002  0.98638408639886477     
   1.6409192726066266E-002  0.98647012028441350     
   1.6227273621855404E-002  0.98654979085315198     
   1.6042690014556184E-002  0.98662307694948959     
   1.5855681283281159E-002  0.98668993272281469     
   1.5666547548291498E-002  0.98675051646889278     
   1.5475489618943438E-002  0.98680472742381176     
   1.5282740403246882E-002  0.98685257823204275     
   1.5088533261194364E-002  0.98689411792361348     
   1.4893121024717404E-002  0.98692955826552875     
   1.4696688448617046E-002  0.98695881921299422     
   1.4499429598986343E-002  0.98698186061578075     
   1.4301566666998354E-002  0.98699895506356694     
   1.4103271675204624E-002  0.98700995761915755     
   1.3904740990845472E-002  0.98701520427217515     
   1.3706141702589637E-002  0.98701467257275266     
   1.3507643267124437E-002  0.98700832189421661     
   1.3309400335415889E-002  0.98699641811214534     
   1.3111561528197055E-002  0.98697904668853553     
   1.2914271987971597E-002  0.98695626956585447     
   1.2717690238869584E-002  0.98692802817920311     
   1.2521917062796806E-002  0.98689463920601772     
   1.2327070972799500E-002  0.98685620795294471     
   1.2133281275146984E-002  0.98681276243437555     
   1.1940647033732901E-002  0.98676445085155295     
   1.1749284412124736E-002  0.98671132546166029     
   1.1559269836423596E-002  0.98665356370077029     
   1.1370689212399931E-002  0.98659127960775417     
   1.1183601739551007E-002  0.98652464450061839     
   1.0998114134311423E-002  0.98645367754843294     
   1.0814313360776739E-002  0.98637844965700927     
   1.0632261197487270E-002  0.98629908360733043     
   1.0451982217200201E-002  0.98621576824700197     
   1.0273561781190337E-002  0.98612854377787751     
   1.0097042965644940E-002  0.98603753241727643     
   9.9224587396871382E-003  0.98594286294993494     
   9.7498616779691134E-003  0.98584461726663886     
   9.5792472778089416E-003  0.98574296744392387     
   9.4107288063071982E-003  0.98563787945810855     
   9.2442321425143647E-003  0.98552961671776884     
   9.0798701244216851E-003  0.98541813987260130     
   8.9176950880313147E-003  0.98530350472279205     
   8.7576371579351081E-003  0.98518593168586044     
   8.5997262302540730E-003  0.98506549041835256     
   8.4439652108448879E-003  0.98494228138933027     
   8.2904305051655254E-003  0.98481630895523475     
   8.1390472055088859E-003  0.98468775913382267     
   7.9897747109493635E-003  0.98455676416304905     
   7.8427610253282362E-003  0.98442323912329954     
   7.6979398823255720E-003  0.98428733917282341     
   7.5553636654217783E-003  0.98414908584601568     
   7.4149399997924222E-003  0.98400864669858445     
   7.2767118008051045E-003  0.98386604612002770     
   7.1406311938477362E-003  0.98372139471695774     
   7.0066476363041669E-003  0.98357479878826948     
   6.8748900630876625E-003  0.98342619898376049     
   6.7451718651483231E-003  0.98327581564318256     
   6.6176382079046140E-003  0.98312357528627925     
   6.4921800400597031E-003  0.98296962007161925     
   6.3687877336697889E-003  0.98281400420249343     
   6.2474225850635374E-003  0.98265680222825713     
   6.1280692618320169E-003  0.98249806740462475     
   6.0108253385103248E-003  0.98233776823917418     
   5.8955959163833269E-003  0.98217601490759709     
   5.7823537943151246E-003  0.98201286411296373     
   5.6710911154814990E-003  0.98184835704229878     
   5.5618286627396639E-003  0.98168251471832557     
   5.4544622868379312E-003  0.98151543862390833     
   5.3489565200104706E-003  0.98134718140068700     
   5.2453361503131592E-003  0.98117775655308848     
   5.1435093463484041E-003  0.98100724772048931     
   5.0435679880647556E-003  0.98083562696153392     
   4.9453793572437794E-003  0.98066299743689367     
   4.8490663977573852E-003  0.98048931446756460     
   4.7544891936868163E-003  0.98031468024276835     
   4.6616383466082838E-003  0.98013912204672837     
   4.5705262102934772E-003  0.97996265522657189     
   4.4810550668467463E-003  0.97978535075824036     
   4.3932906158254239E-003  0.97960719531729923     
   4.3070345391403985E-003  0.97942830471040521     
   4.2224965440479031E-003  0.97924859581417090     
   4.1395149685195445E-003  0.97906816295097010     
   4.0580219242824138E-003  0.97888705291883227     
   3.9781712586309283E-003  0.97870521279346101     
   3.8998129199329184E-003  0.97852272462738854     
   3.8229099538486973E-003  0.97833961839099159     
   3.7474635929720733E-003  0.97815590718656875     
   3.6733949939475319E-003  0.97797163618331939     
   3.6007120570494466E-003  0.97778681424013114     
   3.5295863761719034E-003  0.97760138744185299     
   3.4598384597751019E-003  0.97741543801819619     
   3.3914099401630123E-003  0.97722899902628813     
   3.3242899557744841E-003  0.97704208496128586     
   3.2582999221789141E-003  0.97685476898368107     
   3.1937237355493106E-003  0.97666696090046745     
   3.1304034289882511E-003  0.97647872567853222     
   3.0683286601541344E-003  0.97629007604806828     
   3.0073214962629438E-003  0.97610107846619498     
   2.9475727734111306E-003  0.97591167928426015     
   2.8890228981446136E-003  0.97572190607196119     
   2.8316598641168499E-003  0.97553177074560882     
   2.7752745716475460E-003  0.97534134317724452     
   2.7199806899685106E-003  0.97515059584004460     
   2.6658178351415427E-003  0.97495952426927335     
   2.6127752668697580E-003  0.97476813867433176     
   2.5606604174193874E-003  0.97457649837985594     
   2.5096429800085898E-003  0.97438456302334220     
   2.4597227556654964E-003  0.97419233937442895     
   2.4106778260399621E-003  0.97399989053738900     
   2.3626906844579645E-003  0.97380717521821902     
   2.3155442972671541E-003  0.97361425249230305     
   2.2694297566003656E-003  0.97342108052451504     
   2.2241384612300555E-003  0.97322771388167384     
   2.1798595818364923E-003  0.97303411289810282     
   2.1363770873544219E-003  0.97284033149374827     
   2.0936834796592405E-003  0.97264637475665994     
   2.0519730172509588E-003  0.97245220421995138     
   2.0110088286095255E-003  0.97225787487258220     
   1.9707968064141663E-003  0.97206338848932883     
   1.9315239502646982E-003  0.97186871028620925     
   1.8929741978108074E-003  0.97167388760635465     
   1.8551471150898137E-003  0.97147892332292607     
   1.8180258655930909E-003  0.97128382341817010     
   1.7817942001176806E-003  0.97108855635382774     
   1.7462539426194551E-003  0.97089316226462097     
   1.7113910395504560E-003  0.97069764618346754     
   1.6771962733727623E-003  0.97050201214254916     
   1.6436632762553034E-003  0.97030626358417815     
   1.6107841577348372E-003  0.97011040413568173     
   1.5785177847463055E-003  0.96991444280997141     
   1.5468928788592679E-003  0.96971837694010199     
   1.5158933619063418E-003  0.96952221121947613     
   1.4856805257406219E-003  0.96932592279768104     
   1.4560688129014684E-003  0.96912954279242913     
   1.4270457013075861E-003  0.96893307493502390     
   1.3986039624538842E-003  0.96873652207320049     
   1.3707401867221621E-003  0.96853988644570133     
   1.3432657932916402E-003  0.96834319603488872     
   1.3163389612809878E-003  0.96814642991555444     
   1.2899553111020256E-003  0.96794959022696692     
   1.2641158058829232E-003  0.96775267836858847     
   1.2388126477170642E-003  0.96755569687152132     
   1.2140621279749806E-003  0.96735864517329850     
   1.1898089266499090E-003  0.96716153164706176     
   1.1660626639721902E-003  0.96696435640772160     
   1.1428246039343185E-003  0.96676712062860004     
   1.1198954891239699E-003  0.96656984869523388     
   1.0974658553508825E-003  0.96637251934736890     
   1.0755103685111897E-003  0.96617513668197597     
   1.0540453620637887E-003  0.96597770007569883     
   1.0330587278302695E-003  0.96578021204774889     
   1.0123455760882160E-003  0.96558269514886452     
   9.9209842539592905E-004  0.96538512993712711     
   9.7230864712201989E-004  0.96518751838717143     
   9.5297662654764180E-004  0.96498986153052202     
   9.3389960436739096E-004  0.96479217989954758     
   9.1524784289683447E-004  0.96459445769089602     
   8.9703534665827209E-004  0.96439669453714705     
   8.7906782905783798E-004  0.96419890897571425     
   8.6151592512552879E-004  0.96400108609870472     
   8.4438963031029958E-004  0.96380322592073575     
   8.2746816983579911E-004  0.96360534811961751     
   8.1097014278473287E-004  0.96340743456499478     
   7.9469006572349394E-004  0.96320950296294272     
   7.7880696216778256E-004  0.96301153911012749     
   7.6332607549884669E-004  0.96281354339767911     
   7.4803155645953570E-004  0.96261553320176141     
   7.3312908913755206E-004  0.96241749311372937     
   7.1841561770372749E-004  0.96221943889449035     
   7.0408962931090252E-004  0.96202135627017271     
   6.8995009817678034E-004  0.96182326024886156     
   6.7618605127615255E-004  0.96162513778417635     
   6.6259557061806266E-004  0.96142700333781361     
   6.4937315489288592E-004  0.96122884398849495     
   6.3650266483624470E-004  0.96103066147038174     
   6.2379670209791337E-004  0.96083246833601299     
   6.1144729725286890E-004  0.96063425266508873     
   5.9925409681929967E-004  0.96043602732396605     
   5.8721305083926005E-004  0.96023779268216070     
   5.7551833332200998E-004  0.96003953730749914     
   5.6396726412410395E-004  0.95984127351150905     
   5.5276276312059757E-004  0.95964298982797136     
   5.4169757510695886E-004  0.95944469832130952     
   5.3096690782267512E-004  0.95924638843053345     
   5.2036939052870336E-004  0.95904807137976067     
   5.0990497018669481E-004  0.95884974726144190     
   4.9975738302434052E-004  0.95865140667942506     
   4.8973393366087443E-004  0.95845305978516437     
   4.8003035278387833E-004  0.95825469698492660     
   4.7045756025117219E-004  0.95805632782995753     
   4.6099649437978730E-004  0.95785795331487922     
   4.5184313593540188E-004  0.95765956436350042     
   4.4280191943936800E-004  0.95746117026982758     
   4.3407233515499623E-004  0.95726276221969298     
   4.2544590892802062E-004  0.95706434965766485     
   4.1692829970699203E-004  0.95686593239447149     
   4.0870646054774035E-004  0.95666750265536760     
   4.0059365374038873E-004  0.95646906842856760     
   3.9257095346090752E-004  0.95627063053833439     
   3.8484570844527264E-004  0.95607218084549150     
   3.7721627355626514E-004  0.95587372744611709     
   3.6967836394588582E-004  0.95567527054923840     
   3.6223036941256614E-004  0.95547681025754905     
   3.5506865352227546E-004  0.95527833942889784     
   3.4799274362514972E-004  0.95507986552255464     
   3.4100039472836772E-004  0.95488138865474148     
   3.3428922254520003E-004  0.95468290208046525     
   3.2766089300731677E-004  0.95448441272244433     
   3.2110801570386704E-004  0.95428592085913744     
   3.1463227059916755E-004  0.95408742646444245     
   3.0843168273345551E-004  0.95388892328383790     
   3.0230213102987099E-004  0.95369041789701947     
   2.9624635742327691E-004  0.95349191024576641     
   2.9026128054933739E-004  0.95329340045040400     
   2.8455073914014471E-004  0.95309488256779185     
   2.7890081616495837E-004  0.95289636295069979     
   2.7331786122466653E-004  0.95269784143898351     
   2.6779740542715545E-004  0.95249931817947020     
   2.6253934067120951E-004  0.95230078779702199     
   2.5734307227191983E-004  0.95210225578752550     
   2.5220795146512132E-004  0.95190372218700836     
   2.4713208276447974E-004  0.95170518706276852     
   2.4231070865605989E-004  0.95150664559518128     
   2.3754768520594535E-004  0.95130810271918820     
   2.3284030135938249E-004  0.95110955851620727     
   2.2818979057988016E-004  0.95091101297294456     
   2.2359309731510347E-004  0.95071246617641780     
   2.1924406756943223E-004  0.95051391380060657     
   2.1494609672870083E-004  0.95031536031298514     
   2.1069979501627702E-004  0.95011680571363832     
   2.0649985095533296E-004  0.94991825012829789     
   2.0234802670327824E-004  0.94971969353093744     
   1.9824455630881939E-004  0.94952113592838661     
   1.9438551861707638E-004  0.94932257342480630     
   1.9056906381847633E-004  0.94912401009820047     
   1.8679599595476808E-004  0.94892544594242478     
   1.8306578724830455E-004  0.94872688097687696     
   1.7937876862830223E-004  0.94852831520466607     
   1.7573262559611184E-004  0.94832974867767572     
   1.7232661950225564E-004  0.94813117788646395     
   1.6895658072950816E-004  0.94793260648157729     
   1.6562593715734180E-004  0.94773403441200710     
   1.6232962596616373E-004  0.94753546176954961     
   1.5907039938313117E-004  0.94733688851495046     
   1.5584893418490336E-004  0.94713831464415676     
   1.5265954531954305E-004  0.94693974025557992     
   1.4970703194800569E-004  0.94674116220375948     
   1.4678243980449071E-004  0.94654258373876188     
   1.4389121997876553E-004  0.94634400478507363     
   1.4103272394358677E-004  0.94614542535763857     
   1.3820665674420235E-004  0.94594684546604779     
   1.3541133044468753E-004  0.94574826513935129     
   1.3264325381221934E-004  0.94554968443094345     
   1.2990533651428222E-004  0.94535110330442618     
   1.2739596516945600E-004  0.94515251915839371     
   1.2491343974594529E-004  0.94495393467494271     
   1.2245944398358785E-004  0.94475534983688902     
   1.2003372224211618E-004  0.94455676465145455     
   1.1763241903264112E-004  0.94435817916924880     
   1.1525709733591721E-004  0.94415959337457345     
   1.1290719941716743E-004  0.94396100727742727     
   1.1058248734938300E-004  0.94376242088385054     
   1.0848226177342776E-004  0.94356383198926541     
   1.0640347237495234E-004  0.94336524286913381     
   1.0434820249870946E-004  0.94316665350419771     
   1.0231589978662857E-004  0.94296806390289467     
   1.0030587604159743E-004  0.94276947407484568     
   9.8318188253259772E-005  0.94257088402197986     
   9.6351274853769816E-005  0.94237229376226983     
   9.4403509390122609E-005  0.94217370331383465     
   9.2479307690009586E-005  0.94197511263568534     
   9.0572127531049211E-005  0.94177652179333893     
   8.8685396513232237E-005  0.94157793075566087     
   8.7015473382637701E-005  0.94137933777653837     
   8.5365663412344882E-005  0.94118074462930745     
   8.3733773244164207E-005  0.94098215133401664     
   8.2118567428349454E-005  0.94078355790232726     
   8.0520539985736309E-005  0.94058496433166527     
   7.8940465115052389E-005  0.94038637061735542     
   7.7376332851388622E-005  0.94018777677684096     
   7.5829699652836842E-005  0.93998918279927424     
   7.4298182240996205E-005  0.93979058870456245     
   7.2782908614301984E-005  0.93959199448524622     
   7.1283983395675657E-005  0.93939340014186457     
   6.9799109249348636E-005  0.93919480569292713     
   6.8329156367332591E-005  0.93899621113298526     
   6.7072052463153760E-005  0.93879761511165105     
   6.5830106201493913E-005  0.93859901899494813     
   6.4600813818962793E-005  0.93840042279951574     
   6.3385051465497951E-005  0.93820182652079454     
   6.2183806479987824E-005  0.93800323015373188     
   6.0993840797760175E-005  0.93780463371876466     
   5.9816237940005065E-005  0.93760603721010571     
   5.8652436000691937E-005  0.93740744062009207     
   5.7499564463639160E-005  0.93720884396632564     
   5.6358742033594243E-005  0.93701024724297854     
   5.5230676398315001E-005  0.93681165044676085     
   5.4113687105517674E-005  0.93661305358793645     
   5.3007968648147399E-005  0.93641445666604017     
   5.1912849349518174E-005  0.93621585968541432     
   5.0827331839181926E-005  0.93601726265207363     
   4.9753022785417809E-005  0.93581866555778459     
   4.8689712708465061E-005  0.93562006840430123     
   4.7635220121538822E-005  0.93542147120380392     
   4.6589738312810876E-005  0.93522287395566639     
   4.5753221012682386E-005  0.93502427571740931     
   4.4925723203626353E-005  0.93482567744136602     
   4.4108584525172573E-005  0.93462707912242959     
   4.3299116692830989E-005  0.93442848077207941     
   4.2497962653191322E-005  0.93422988238801696     
   4.1705454833572696E-005  0.93403128396926360     
   4.0921786433198731E-005  0.93383268551543319     
   4.0145759886180363E-005  0.93363408703159512     
   3.9377660887624560E-005  0.93343548851693825     
   3.8618661166307238E-005  0.93323688996729748     
   3.7868014905430681E-005  0.93303829138590733     
   3.7124691386415390E-005  0.93283969277697432     
   3.6387802907815933E-005  0.93264109414406016     
   3.5657860176102073E-005  0.93244249548549574     
   3.4936349057518498E-005  0.93224389679612019     
   3.4220760229800255E-005  0.93204529808531711     
   3.3512015071128197E-005  0.93184669934997300     
   3.2809634822066737E-005  0.93164810059201619     
   3.2114291437963610E-005  0.93144950180929686     
   3.1424158714193808E-005  0.93125090300840219     
   3.0741596762438296E-005  0.93105230418134322     
   3.0065388152510114E-005  0.93085370533255019     
   2.9395084277310596E-005  0.93065510646373995     
   2.8730386604532050E-005  0.93045650757608700     
   2.8071770040449258E-005  0.93025790866817404     
   2.7418080744761843E-005  0.93005930974398188     
   2.6768932363637886E-005  0.92986071080489519     
   2.6323986328467877E-005  0.92966211130332732     
   2.5885477996156671E-005  0.92946351178744058     
   2.5450600631252198E-005  0.92926491226356989     
   2.5021951435913104E-005  0.92906631272615892     
   2.4598258325318822E-005  0.92886771317811279     
   2.4179248446223440E-005  0.92866911362013060     
   2.3764137552020848E-005  0.92847051405396053     
   2.3353881367806458E-005  0.92827191447770252     
   2.2947953857812305E-005  0.92807331489254974     
   2.2546676188655593E-005  0.92787471529794741     
   2.2149463228350641E-005  0.92767611569517372     
   2.1758021667447351E-005  0.92747751608094064     
   2.1368590803935484E-005  0.92727891646275473     
   2.0984052473805955E-005  0.92708031683503533     
   2.0603403170188406E-005  0.92688171719982393     
   2.0226982400136340E-005  0.92668311755655286     
   1.9854510651968996E-005  0.92648451790583619     
   1.9484237602475362E-005  0.92628591825100803     
   1.9117950972196758E-005  0.92608731858878757     
   1.8755568790167522E-005  0.92588871891940427     
   1.8395967356368277E-005  0.92569011924496647     
   1.8040262138649150E-005  0.92549151956351206     
   1.7689633564896258E-005  0.92529291987302986     
   1.7341842072473229E-005  0.92509432017755910     
   1.6996964292997250E-005  0.92489572047700719     
   1.6653974671013174E-005  0.92469712077318533     
   1.6315549576552973E-005  0.92449852106153285     
   1.5978676669583273E-005  0.92429992134724137     
   1.5646257431916169E-005  0.92410132162544534     
   1.5315392319073981E-005  0.92390272190105405     
   1.4987741318868110E-005  0.92370412217133413     
   1.4663984573267049E-005  0.92350552243522765     
   1.4342386297374201E-005  0.92330692269561421     
   1.4023546562861636E-005  0.92310832295155287     
   1.3706965422745027E-005  0.92290972320387832     
   1.3392526547983070E-005  0.92271112345280049     
   1.3081014049283210E-005  0.92251252369711090     
   1.2770987513911828E-005  0.92231392393909606     
   1.2463612093501731E-005  0.92211532417696040     
   1.2158569116527225E-005  0.92191672441122852     
   1.1856738902301256E-005  0.92171812464058789     
   1.1555715393910258E-005  0.92151952486872279     
   1.1257590887970070E-005  0.92132092509248475     
   1.0961134366961451E-005  0.92112232531374993     
   1.0667061700955329E-005  0.92092372553147095     
   1.0375142563485444E-005  0.92072512574601484     
   1.0085399269687222E-005  0.92052652595737239     
   9.7976679296999044E-006  0.92032792616580483     
   9.5120457718031700E-006  0.92012932637119271     
   9.2285869647047617E-006  0.91993072657348107     
   8.9457966124293838E-006  0.91973212677481653     
   8.6652492299366789E-006  0.91953352697297075     
   8.3856364166330214E-006  0.91933492716980703     
   8.1092637243836362E-006  0.91913632736210793     
   7.8339393047109596E-006  0.91893772755295278     
   7.5606070464244927E-006  0.91873912774104582     
   7.2875826853920425E-006  0.91854052792871532     
   7.0165952047229713E-006  0.91834192811359505     
   6.7478622786728211E-006  0.91814332829541134     
   6.4797445886269064E-006  0.91794472847639608     
   6.2137487928606061E-006  0.91774612865452754     
   5.9482890770055171E-006  0.91754752883194168     
   5.6848634493966726E-006  0.91734892900664733     
   5.4221373738963735E-006  0.91715032918042638     
   5.1619541879695908E-006  0.91695172935085767     
   5.1004753311434401E-006  0.91675312936037345     
   4.8426624205722816E-006  0.91655452952771366     
   4.5870678331493719E-006  0.91635592969218649     
   4.3314946411433140E-006  0.91615732985663179     
   4.0782163637754048E-006  0.91595873001813710     
   3.8251481796015912E-006  0.91576013017937463     
   3.7711575660227361E-006  0.91556153018671349     
   3.5206606932857674E-006  0.91536293034469107     
   3.2703364070853393E-006  0.91516433050245105     
   3.0220617073608644E-006  0.91496573065763820     
   2.9724541702289271E-006  0.91476713066383386     
   2.7263066886084570E-006  0.91456853081637313     
   2.6789297553721095E-006  0.91436993082202411     
   2.4354402779897689E-006  0.91417133097128678     
   2.3906675397161489E-006  0.91397273097633358     
   2.3460766808432823E-006  0.91377413098133953     
   2.3015395118218398E-006  0.91357553098633337     
   2.2594427751054846E-006  0.91337693099079498     
   2.2189549704260192E-006  0.91317833099492207     
   2.1789416034490200E-006  0.91297973099895291     
   2.1389913880678599E-006  0.91278113100297109     
   2.1011384892926743E-006  0.91258253100657849     
   2.0635151292827645E-006  0.91238393101014226     
   2.0260144014503092E-006  0.91218533101368282     
   1.9906386033563226E-006  0.91198673101683347     
   1.9553422020007057E-006  0.91178813101997003     
   1.9200673558521667E-006  0.91158953102310269     
   1.8869949620247116E-006  0.91139093102585644     
   1.8544459034848456E-006  0.91119233102852371     
   1.8219326027901784E-006  0.91099373103118508     
   1.7894677847151525E-006  0.91079513103383858     
   1.7590505663228668E-006  0.91059653103616789     
   1.7287996338442959E-006  0.91039793103847177     
   1.6986629585313309E-006  0.91019933104075834     
   1.6686857639903693E-006  0.91000073104302071     
   1.6398882763550087E-006  0.90980213104510854     
   1.6120907965021523E-006  0.90960353104705394     
   1.5843354181767376E-006  0.90940493104899345     
   1.5566917229733979E-006  0.90920633105091730     
   1.5298009042082795E-006  0.90900773105273780     
   1.5037890883791336E-006  0.90880913105444128     
   1.4781457385012578E-006  0.90861053105609679     
   1.4533910361260303E-006  0.90841193105763962     
   1.4289715779094969E-006  0.90821333105914093     
   1.4052947423333751E-006  0.90801473106055230     
   1.3816421051739960E-006  0.90781613106196080     
   1.3599842428466396E-006  0.90761753106314169     
   1.3384357050922832E-006  0.90741893106431071     
   1.3169018828290599E-006  0.90722033106547817     
   1.2954784193417889E-006  0.90702173106663364     
   1.2740565397678913E-006  0.90682313106778900     
   1.2546580122767479E-006  0.90662453106873642     
   1.2353121352078516E-006  0.90642593106967873     
   1.2159782404520208E-006  0.90622733107061981     
   1.1966510382386314E-006  0.90602873107156023     
   1.1775411987277136E-006  0.90583013107247967     
   1.1584756168061328E-006  0.90563153107339478     
   1.1395625443883463E-006  0.90543293107429534     
   1.1225580433418106E-006  0.90523433107502327     
   1.1056127656572701E-006  0.90503573107574620     
   1.0887405494901459E-006  0.90483713107646291     
   1.0719495155067879E-006  0.90463853107717274     
   1.0552053035705920E-006  0.90443993107787857     
   1.0386214325214304E-006  0.90424133107857096     
   8.2510990770963794E-007  0.90404273119334233     
   8.1051805521049210E-007  0.90384413119387841     
   7.9593122719821319E-007  0.90364553119441404     
   7.8139969495031241E-007  0.90344693119494568     
   7.6688335548207270E-007  0.90324833119547621     
   7.5243997703664725E-007  0.90304973119600140     
   7.3804507725307386E-007  0.90285113119652305     
   7.2564213122432803E-007  0.90265253119691036     
   7.1324046044437797E-007  0.90245393119729755     
   7.0086358783482845E-007  0.90225533119768320     
   6.8849336814452672E-007  0.90205673119806840     
   6.7616340643733222E-007  0.90185813119845115     
   6.6386284312965174E-007  0.90165953119883213     
   6.5171353758732737E-007  0.90146093119920379     
   6.4035002882391883E-007  0.90126233119952892     
   6.2948170111568530E-007  0.90106373119982630     
   6.1885459240038818E-007  0.90086513120011058     
   6.0857509214285279E-007  0.90066653120037665     
   5.9844194369848969E-007  0.90046793120063517     
   5.8833055741966675E-007  0.90026933120089259     
   5.7822607357073679E-007  0.90007073120114967     
   5.6819027254778117E-007  0.89987213120140319     
   5.5815875559172938E-007  0.89967353120165650     
   5.4818997260607266E-007  0.89947493120190669     
   5.3883433215130439E-007  0.89927633120212702     
   5.2951425427500090E-007  0.89907773120234569     
   5.2039497953884438E-007  0.89887913120255503     
   5.1143497456753104E-007  0.89868053120275715     
   5.0301248776055138E-007  0.89848193120293574     
   4.9465093874988283E-007  0.89828333120311177     
   4.8642812064984172E-007  0.89808473120328203     
   4.7820837280376461E-007  0.89788613120345218     
   4.7024223295797240E-007  0.89768753120361189     
   4.6235437925583022E-007  0.89748893120376849     
   4.5522164736589670E-007  0.89729033120389656     
   4.4820851107840837E-007  0.89709173120402042     
   4.4127538974353584E-007  0.89689313120414138     
   4.3439910240691399E-007  0.89669453120426046     
   4.2762502016127561E-007  0.89649593120437598     
   4.2150607413774891E-007  0.89629733120447019     
   4.1548186970249854E-007  0.89609873120456152     
   4.0954317161833031E-007  0.89590013120465029     
   4.0361316751887444E-007  0.89570153120473883     
   3.9770597375757799E-007  0.89550293120482671     
   3.9180719835446477E-007  0.89530433120491426     
   3.8591924066375731E-007  0.89510573120500159     
   3.8007435202762947E-007  0.89490713120508758     
   3.7423903791228360E-007  0.89470853120517335     
   3.6842415660092292E-007  0.89450993120525846     
   3.6264362320643187E-007  0.89431133120534256     
   3.5688348302504156E-007  0.89411273120542611     
   3.5115694581992727E-007  0.89391413120550867     
   3.4552627572605159E-007  0.89371553120558844     
   3.3992467426033981E-007  0.89351693120566744     
   3.3460819165936084E-007  0.89331833120573856     
   3.2948253709672084E-007  0.89311973120580468     
   3.2455649735119552E-007  0.89292113120586580     
   3.1966720652455128E-007  0.89272253120592604     
   3.1494377450522960E-007  0.89252393120598217     
   3.1041910405600749E-007  0.89232533120603374     
   3.0608210331007743E-007  0.89212673120608110     
   3.0188581392471335E-007  0.89192813120612546     
   2.9797494889227320E-007  0.89172953120616394     
   2.9413756930184885E-007  0.89153093120620097     
   2.9031402741872270E-007  0.89133233120623778     
   2.8654544322382768E-007  0.89113373120627348     
   2.8277887343235154E-007  0.89093513120630918     
   2.7901670044524442E-007  0.89073653120634477     
   2.7526377439978322E-007  0.89053793120638025     
   2.7154501119489569E-007  0.89033933120641506     
   2.6786270574798010E-007  0.89014073120644921     
   2.6422975096699311E-007  0.88994213120648247     
   2.6063930498724273E-007  0.88974353120651495     
   2.5706720049055486E-007  0.88954493120654710     
   2.5360667697570881E-007  0.88934633120657725     
   2.5047154407019535E-007  0.88914773120660195     
   2.4735114770866178E-007  0.88894913120662644     
   2.4424145714858637E-007  0.88875053120665082     
   2.4130817939418663E-007  0.88855193120667253     
   2.3842098241141825E-007  0.88835333120669346     
   2.3554981148399650E-007  0.88815473120671418     
   2.3283591893831925E-007  0.88795613120673267     
   2.3017495866703727E-007  0.88775753120675049     
   2.2783290843977150E-007  0.88755893120676432     
   2.2551033240969086E-007  0.88736033120677793     
   2.2319126755384598E-007  0.88716173120679143     
   2.2088111057640958E-007  0.88696313120680481     
   2.1867339764966628E-007  0.88676453120681709     
   2.1661402123996505E-007  0.88656593120682781     
   2.1461179525847561E-007  0.88636733120683786     
   2.1269458453412136E-007  0.88616873120684714     
   2.1102066983862666E-007  0.88597013120685419     
   2.0940744383359790E-007  0.88577153120686070     
   2.0781362294473914E-007  0.88557293120686709     
   2.0624009657711711E-007  0.88537433120687337     
   2.0467363726535520E-007  0.88517573120687953     
   2.0313570219408704E-007  0.88497713120688548     
   2.0169583020199219E-007  0.88477853120689065     
   2.0032747238663455E-007  0.88457993120689538     
   1.9900003802245026E-007  0.88438133120689977     
   1.9789840528526098E-007  0.88418273120690283     
   1.9680390301244462E-007  0.88398413120690589     
   1.9572193463452242E-007  0.88378553120690884     
   1.9479808815276853E-007  0.88358693120691101     
   1.9387626048458172E-007  0.88338833120691318     
   1.9299971306821555E-007  0.88318973120691513     
   1.9224512155027662E-007  0.88299113120691652     
   1.9150018609076638E-007  0.88279253120691792     
   1.9075822575586154E-007  0.88259393120691931     
   1.9005775352666047E-007  0.88239533120692060     
   1.8939800262165095E-007  0.88219673120692166     
   1.8876611309453798E-007  0.88199813120692261     
   1.8816271618517008E-007  0.88179953120692356     
   1.8759058003556198E-007  0.88160093120692440     
   1.8701897420472188E-007  0.88140233120692524     
   1.8650221181211175E-007  0.88120373120692586     
   1.8599477449672444E-007  0.88100513120692647     
   1.8552750781046471E-007  0.88080653120692698     
   1.8517842902623911E-007  0.88060793120692726     
   1.8483073100455148E-007  0.88040933120692755     
   1.8452145512805378E-007  0.88021073120692783     
   1.8421799750796693E-007  0.88001213120692812     
   1.8399563284424432E-007  0.87981353120692829     
   1.8378587072025144E-007  0.87961493120692835     
   1.8359541063682312E-007  0.87941633120692841     
   1.8340552633807972E-007  0.87921773120692848     
   1.8322936115048781E-007  0.87901913120692854     
   1.8306215980681063E-007  0.87882053120692860     
   1.8289547729622765E-007  0.87862193120692866     
   1.8275376080985675E-007  0.87842333120692873     
   1.8261298168117334E-007  0.87822473120692879     
   1.8258610157354127E-007  0.87802613120692874     
   1.8259840765491431E-007  0.87782753120692869     
   1.8268054783372584E-007  0.87762893120692875     
   1.8314212540354446E-007  0.87743033120692926     
   1.8360829551403306E-007  0.87723173120692977     
   1.8411971286585624E-007  0.87703313120693038     
   1.8464297336715567E-007  0.87683453120693111     
   1.8521172463595375E-007  0.87663593120693195     
   1.8583929454671205E-007  0.87643733120693290     
   1.8649913675578767E-007  0.87623873120693396     
   1.8716483949264166E-007  0.87604013120693502     
   1.8817514561482868E-007  0.87584153120693764     
   1.8957195463978121E-007  0.87564293120694259     
   1.9097905621051188E-007  0.87544433120694753     
   1.9276123421979800E-007  0.87524573120695548     
   1.9458249412773459E-007  0.87504713120696387     
   1.9642841622276735E-007  0.87484853120697248     
   1.9828181238994084E-007  0.87464993120698109     
   2.0014156376303025E-007  0.87445133120698981     
   2.0202958848301228E-007  0.87425273120699876     
   2.0392481561100609E-007  0.87405413120700781     
   2.0613046565993097E-007  0.87385553120702009     
   2.0834499177030809E-007  0.87365693120703247     
   2.1057240594543753E-007  0.87345833120704497     
   2.1296783994771573E-007  0.87325973120705946     
   2.1542136414488848E-007  0.87306113120707463     
   2.1791523401445695E-007  0.87286253120709023     
   2.2042257659555359E-007  0.87266393120710606     
   2.2297967295597793E-007  0.87246533120712255     
   2.2557839826758035E-007  0.87226673120713960     
   2.2825353756994315E-007  0.87206813120715765     
   2.3092906927522708E-007  0.87186953120717570     
   2.3363265429164152E-007  0.87167093120719408     
   2.3634233337972906E-007  0.87147233120721257     
   2.3905936760060449E-007  0.87127373120723117     
   2.4178489152098344E-007  0.87107513120724989     
   2.4454096881383022E-007  0.87087653120726904     
   2.4731474153091570E-007  0.87067793120728842     
   2.5009546249776765E-007  0.87047933120730792     
   2.5291163406698824E-007  0.87028073120732785     
   2.5574431477886778E-007  0.87008213120734801     
   2.5857826233185372E-007  0.86988353120736828     
   2.6159445512681482E-007  0.86968493120739121     
   2.6461354796174507E-007  0.86948633120741414     
   2.6764881283217167E-007  0.86928773120743730     
   2.7080461129893430E-007  0.86908913120746234     
   2.7406711354323259E-007  0.86889053120748916     
   2.7749833105193119E-007  0.86869193120751875     
   2.8093484630250656E-007  0.86849333120754846     
   2.8437838588521907E-007  0.86829473120757827     
   2.8793481866077508E-007  0.86809613120761009     
   2.9155986313363663E-007  0.86789753120764312     
   2.9546911222498730E-007  0.86769893120768160     
   2.9973774321094702E-007  0.86750033120772752     
   3.0441161220133945E-007  0.86730173120778253     
   3.0929407336574861E-007  0.86710313120784255     
   3.1432294712501404E-007  0.86690453120790623     
   3.1938713445274142E-007  0.86670593120797079     
   3.2464014559356927E-007  0.86650733120804024     
   3.2992020406877667E-007  0.86630873120811047     
   3.3531306405540850E-007  0.86611013120818370     
   3.4075643597616500E-007  0.86591153120825826     
   3.4620934964035277E-007  0.86571293120833315     
   3.5170621327566512E-007  0.86551433120840926     
   3.5721037143810315E-007  0.86531573120848548     
   3.6286312313086803E-007  0.86511713120856593     
   3.6862987008381464E-007  0.86491853120864970     
   3.7447658595645420E-007  0.86471993120873580     
   3.8047573060084060E-007  0.86452133120882646     
   3.8682882043777382E-007  0.86432273120892811     
   3.9327149497525716E-007  0.86412413120903264     
   4.0011627612529714E-007  0.86392553120915061     
   4.0706654812651012E-007  0.86372693120927224     
   4.1412778899179245E-007  0.86352833120939776     
   4.2138245543011067E-007  0.86332973120953027     
   4.2877033576657656E-007  0.86313113120966767     
   4.3616476373052074E-007  0.86293253120980529     
   4.4366235202144322E-007  0.86273393120994679     
   4.5116073215892406E-007  0.86253533121008830     
   4.5899034569475770E-007  0.86233673121024268     
   4.6685445811147112E-007  0.86213813121039840     
   4.7476667570178301E-007  0.86193953121055600     
   4.8268132385433274E-007  0.86174093121071371     
   4.9065518740834176E-007  0.86154233121087376     
   4.9891441436999107E-007  0.86134373121104546     
   5.0889562699108046E-007  0.86114513121129632     
   5.1888928872223219E-007  0.86094653121154774     
   5.2891940180692541E-007  0.86074793121180104     
   5.3898342153486176E-007  0.86054933121205601     
   5.4908191854421402E-007  0.86035073121231276     
   5.5953294951089087E-007  0.86015213121258771     
   5.6999819194695377E-007  0.85995353121286344     
   5.8057512365150542E-007  0.85975493121314506     
   5.9115743594097887E-007  0.85955633121342701     
   6.0176662643413854E-007  0.85935773121371040     
   6.1242356269440447E-007  0.85915913121399634     
   6.2339989336137334E-007  0.85896053121429972     
   6.3446102510147126E-007  0.85876193121460775     
   6.4597433185557866E-007  0.85856333121494144     
   6.5749037278464131E-007  0.85836473121527535     
   6.7113820267487721E-007  0.85816613121574425     
   6.8483132441140868E-007  0.85796753121621627     
   6.9854783943675302E-007  0.85776893121668996     
   7.1241063560255731E-007  0.85757033121717374     
   7.2642591974121041E-007  0.85737173121766830     
   7.4047926214655046E-007  0.85717313121816552     
   7.5457704713776452E-007  0.85697453121866585     
   7.6872273581051221E-007  0.85677593121916962     
   7.8287360416094898E-007  0.85657733121967372     
   7.9777062751910232E-007  0.85637873122023245     
   8.1395771589341900E-007  0.85618013122089209     
   8.3018852250936346E-007  0.85598153122155529     
   8.4651486660524792E-007  0.85578293122222637     
   8.6286212791250899E-007  0.85558433122289912     
   8.7925643505955387E-007  0.85538573122357575     
   8.9570233625190713E-007  0.85518713122425671     
   9.1403471332103002E-007  0.85498853122510288     
   9.3247132829830789E-007  0.85478993122595859     
   9.5098102754645153E-007  0.85459133122682118     
   9.6949908350999806E-007  0.85439273122768455     
   9.8809738063293133E-007  0.85419413122855536     
   1.0067368960812811E-006  0.85399553122943006     
   1.0273825343695169E-006  0.85379693123050315     
   1.0480313476871771E-006  0.85359833123157658     
   1.0687313188655187E-006  0.85339973123265533     
   1.0894484809061637E-006  0.85320113123373587     
   1.1101679240271875E-006  0.85300253123481662     
   1.1329151454835387E-006  0.85280393123611931     
   1.1556653532840629E-006  0.85260533123742233     
   1.1786231503555731E-006  0.85240673123874922     
   1.2016042092793072E-006  0.85220813124007888     
   1.2254679989771890E-006  0.85200953124151257     
   1.2504773575012130E-006  0.85181093124308727     
   1.2755020149334911E-006  0.85161233124466384     
   1.3006005226647077E-006  0.85141373124624975     
   1.3257231142501316E-006  0.85121513124783876     
   1.3510416467622307E-006  0.85101653124945265     
   1.3783812275853118E-006  0.85081793125133443     
   1.4057981250889497E-006  0.85061933125322686     
   1.4332984712238259E-006  0.85042073125513085     
   1.4609226635597827E-006  0.85022213125705204     
   1.4910198732948750E-006  0.85002353125933261     
   1.5213807131873779E-006  0.84982493126165326     
   1.5518216704170534E-006  0.84962633126398623     
   1.5824473647065504E-006  0.84942773126634763     
   1.6133577517496443E-006  0.84922913126875310     
   1.6465531351553117E-006  0.84903053127152739     
   1.6798603793769787E-006  0.84883193127432033     
   1.7132243085616301E-006  0.84863333127712282     
   1.7483533054598277E-006  0.84843473128022973     
   1.7837304423575545E-006  0.84823613128338060     
   1.8193627436262332E-006  0.84803753128657711     
   1.8550479047616670E-006  0.84783893128978316     
   1.8927631166636045E-006  0.84764033129336436     
   1.9307150056030461E-006  0.84744173129699063     
   1.9690257985967325E-006  0.84724313130068574     
   2.0075715797326102E-006  0.84704453130442636     
   1.8504159804297424E-006  0.84684593136660635     
   1.8919853692820192E-006  0.84664733137095682     
   1.7365188031183287E-006  0.84644873143180743     
   1.5815700015778088E-006  0.84625013149225337     
   1.6252848993865404E-006  0.84605153149706458     
   1.6690545092396297E-006  0.84585293150188778     
   1.5164659057088324E-006  0.84565433156050629     
   1.5625616074544667E-006  0.84545573156585574     
   1.6089374850872767E-006  0.84525713157127047     
   1.6557383434672265E-006  0.84505853157678490     
   1.7029953118301898E-006  0.84485993158240735     
   1.7504189323011599E-006  0.84466133158806944     
   1.7983413937521101E-006  0.84446273159385132     
   1.8464547183622638E-006  0.84426413159967939     
   1.8948399852221995E-006  0.84406553160557352     
   1.9452743052338803E-006  0.84386693161197734     
   1.9970339393395379E-006  0.84366833161872223     
   2.0492865573426700E-006  0.84346973162559624     
   2.1017134216635360E-006  0.84327113163251610     
   1.9577320089929191E-006  0.84307253168470808     
   2.0130429911857999E-006  0.84287393169241021     
   1.8709223775100584E-006  0.84267533174326181     
   1.9274217161917881E-006  0.84247673175129856     
   1.7873199578406778E-006  0.84227813180071576     
   1.6475678292214794E-006  0.84207953184988660     
   1.5105463688374043E-006  0.84188093189715463     
   1.3749302509463245E-006  0.84168233194345810     
   1.2405623682322568E-006  0.84148373198891313     
   1.1062333032810300E-006  0.84128513203434185     
   9.7201521399385043E-007  0.84108653207969553     
   8.3842850235111955E-007  0.84088793212462354     
   7.0500449044206375E-007  0.84068933216944219     
   5.9303621605372704E-007  0.84049073220100534     
  -2.2500937768571795E-007  0.83926845099171765     
