   1.0000000000000000        0.0000000000000000     
  0.99801399999999996       -1.2160742715533217E-019
  0.99602799999999991       -2.4321485431066434E-019
  0.99404199999999987       -3.6482228146599654E-019
  0.99205599999999983       -4.8642970862132869E-019
  0.99006999999999978       -6.0803713577666083E-019
  0.98808399999999974       -7.2964456293199298E-019
  0.98609799999999970       -8.5125199008732513E-019
  0.98411199999999965       -9.7285941724265737E-019
  0.98212599999999961       -1.0944668443979895E-018
  0.98013999999999957       -1.2160742715533217E-018
  0.97815399999999952       -1.3376816987086538E-018
  0.97616799999999948       -1.4592891258639860E-018
  0.97418199999999944       -1.5808965530193181E-018
  0.97219599999999939       -1.7025039801746503E-018
  0.97020999999999935       -1.8241114073299826E-018
  0.96822399999999931       -1.9457188344853147E-018
  0.96623799999999926       -2.0673262616406469E-018
  0.96425199999999922       -2.1889336887959790E-018
  0.96226599999999918       -2.3105411159513112E-018
  0.96027999999999913       -2.4321485431066433E-018
  0.95829399999999909       -2.5537559702619755E-018
  0.95630799999999905       -2.6753633974173076E-018
  0.95432199999999900       -2.7969708245726398E-018
  0.95233599999999896       -2.9185782517279719E-018
  0.95034999999999892       -3.0401856788833041E-018
  0.94836399999999887       -3.1617931060386362E-018
  0.94637799999999883       -3.2834005331939684E-018
  0.94439199999999879       -3.4050079603493005E-018
  0.94240599999999874       -3.5266153875046327E-018
  0.94041999999999870       -3.6482228146599652E-018
  0.93843399999999866       -3.7698302418152977E-018
  0.93644799999999861       -3.8914376689706303E-018
  0.93446199999999857       -4.0130450961259628E-018
  0.93247599999999853       -4.1346525232812953E-018
  0.93048999999999848       -4.2562599504366279E-018
  0.92850399999999844       -4.3778673775919604E-018
  0.92651799999999840       -4.4994748047472929E-018
  0.92453199999999836       -4.6210822319026255E-018
  0.92254599999999831       -4.7426896590579580E-018
  0.92055999999999827       -4.8642970862132905E-018
  0.91857399999999823       -4.9859045133686231E-018
  0.91658799999999818       -5.1075119405239556E-018
  0.91460199999999814       -5.2291193676792881E-018
  0.91261599999999810       -5.3507267948346207E-018
  0.91062999999999805       -5.4723342219899532E-018
  0.90864399999999801       -5.5939416491452857E-018
  0.90665799999999797       -5.7155490763006183E-018
  0.90467199999999792       -5.8371565034559508E-018
  0.90268599999999788       -5.9587639306112833E-018
  0.90069999999999784       -6.0803713577666159E-018
  0.89871399999999779       -6.2019787849219484E-018
  0.89672799999999775       -6.3235862120772809E-018
  0.89474199999999771       -6.4451936392326135E-018
  0.89275599999999766       -6.5668010663879460E-018
  0.89076999999999762       -6.6884084935432785E-018
  0.88878399999999758       -6.8100159206986111E-018
  0.88679799999999753       -6.9316233478539436E-018
  0.88481199999999749       -7.0532307750092761E-018
  0.88282599999999745       -7.1748382021646087E-018
  0.88083999999999740       -7.2964456293199412E-018
  0.87885399999999736       -7.4180530564752737E-018
  0.87686799999999732       -7.5396604836306062E-018
  0.87488199999999727       -7.6612679107859388E-018
  0.87289599999999723       -7.7828753379412713E-018
  0.87090999999999719       -7.9044827650966038E-018
  0.86892399999999714       -8.0260901922519364E-018
  0.86693799999999710       -8.1476976194072689E-018
  0.86495199999999706       -8.2693050465626014E-018
  0.86296599999999701       -8.3909124737179340E-018
  0.86097999999999697       -8.5125199008732665E-018
  0.85899399999999693       -8.6341273280285990E-018
  0.85700799999999688       -8.7557347551839316E-018
  0.85502199999999684       -8.8773421823392641E-018
  0.85303599999999680       -8.9989496094945966E-018
  0.85104999999999675       -9.1205570366499292E-018
  0.84906399999999671       -9.2421644638052617E-018
  0.84707799999999667       -9.3637718909605942E-018
  0.84509199999999662       -9.4853793181159268E-018
  0.84310599999999658       -9.6069867452712593E-018
  0.84111999999999654       -9.7285941724265918E-018
  0.83913399999999649       -9.8502015995819244E-018
  0.83714799999999645       -9.9718090267372569E-018
  0.83516199999999641       -1.0093416453892589E-017
  0.83317599999999636       -1.0215023881047922E-017
  0.83118999999999632       -1.0336631308203255E-017
  0.82920399999999628       -1.0458238735358587E-017
  0.82721799999999623       -1.0579846162513920E-017
  0.82523199999999619       -1.0701453589669252E-017
  0.82324599999999615       -1.0823061016824585E-017
  0.82125999999999610       -1.0944668443979917E-017
  0.81927399999999606       -1.1066275871135250E-017
  0.81728799999999602       -1.1187883298290582E-017
  0.81530199999999597       -1.1309490725445915E-017
  0.81331599999999593       -1.1431098152601247E-017
  0.81132999999999589       -1.1552705579756580E-017
  0.80934399999999584       -1.1674313006911912E-017
  0.80735799999999580       -1.1795920434067245E-017
  0.80537199999999576       -1.1917527861222577E-017
  0.80338599999999571       -1.2039135288377910E-017
  0.80139999999999567       -1.2160742715533242E-017
  0.79941399999999563       -1.2282350142688575E-017
  0.79742799999999558       -1.2403957569843908E-017
  0.79544199999999554       -1.2525564996999240E-017
  0.79345599999999550       -1.2647172424154573E-017
  0.79146999999999545       -1.2768779851309905E-017
  0.78948399999999541       -1.2890387278465238E-017
  0.78749799999999537       -1.3011994705620570E-017
  0.78551199999999533       -1.3133602132775903E-017
  0.78352599999999528       -1.3255209559931235E-017
  0.78153999999999524       -1.3376816987086568E-017
  0.77955399999999520       -1.3498424414241900E-017
  0.77756799999999515       -1.3620031841397233E-017
  0.77558199999999511       -1.3741639268552565E-017
  0.77359599999999507       -1.3863246695707898E-017
  0.77160999999999502       -1.3984854122863229E-017
  0.76962399999999498       -1.4106461550018561E-017
  0.76763799999999494       -1.4228068977173894E-017
  0.76565199999999489       -1.4349676404329227E-017
  0.76366599999999485       -1.4471283831484559E-017
  0.76167999999999481       -1.4592891258639892E-017
  0.75969399999999476       -1.4714498685795224E-017
  0.75770799999999472       -1.4836106112950557E-017
  0.75572199999999468       -1.4957713540105889E-017
  0.75373599999999463       -1.5079320967261222E-017
  0.75174999999999459       -1.5200928394416554E-017
  0.74976399999999455       -1.5322535821571887E-017
  0.74777799999999450       -1.5444143248727219E-017
  0.74579199999999446       -1.5565750675882552E-017
  0.74380599999999442       -1.5687358103037884E-017
  0.74181999999999437       -1.5808965530193217E-017
  0.73983399999999433       -1.5930572957348549E-017
  0.73784799999999429       -1.6052180384503882E-017
  0.73586199999999424       -1.6173787811659215E-017
  0.73387599999999420       -1.6295395238814547E-017
  0.73188999999999416       -1.6417002665969880E-017
  0.72990399999999411       -1.6538610093125212E-017
  0.72791799999999407       -1.6660217520280545E-017
  0.72593199999999403       -1.6781824947435877E-017
  0.72394599999999398       -1.6903432374591210E-017
  0.72195999999999394       -1.7025039801746542E-017
  0.71997399999999390       -1.7146647228901875E-017
  0.71798799999999385       -1.7268254656057207E-017
  0.71600199999999381       -1.7389862083212540E-017
  0.71401599999999377       -1.7511469510367872E-017
  0.71202999999999372       -1.7633076937523205E-017
  0.71004399999999368       -1.7754684364678537E-017
  0.70805799999999364       -1.7876291791833870E-017
  0.70607199999999359       -1.7997899218989203E-017
  0.70408599999999355       -1.8119506646144535E-017
  0.70209999999999351       -1.8241114073299868E-017
  0.70011399999999346       -1.8362721500455200E-017
  0.69812799999999342       -1.8484328927610533E-017
  0.69614199999999338       -1.8605936354765865E-017
  0.69415599999999333       -1.8727543781921198E-017
  0.69216999999999329       -1.8849151209076530E-017
  0.69018399999999325       -1.8970758636231863E-017
  0.68819799999999320       -1.9092366063387195E-017
  0.68621199999999316       -1.9213973490542528E-017
  0.68422599999999312       -1.9335580917697860E-017
  0.68223999999999307       -1.9457188344853193E-017
  0.68025399999999303       -1.9578795772008525E-017
  0.67826799999999299       -1.9700403199163858E-017
  0.67628199999999294       -1.9822010626319191E-017
  0.67429599999999290       -1.9943618053474523E-017
  0.67230999999999286       -2.0065225480629856E-017
  0.67032399999999281       -2.0186832907785188E-017
  0.66833799999999277       -2.0308440334940521E-017
  0.66635199999999273       -2.0430047762095853E-017
  0.66436599999999268       -2.0551655189251186E-017
  0.66237999999999264       -2.0673262616406518E-017
  0.66039399999999260       -2.0794870043561851E-017
  0.65840799999999255       -2.0916477470717183E-017
  0.65642199999999251       -2.1038084897872516E-017
  0.65443599999999247       -2.1159692325027848E-017
  0.65244999999999242       -2.1281299752183181E-017
  0.65046399999999238       -2.1402907179338513E-017
  0.64847799999999234       -2.1524514606493846E-017
  0.64649199999999230       -2.1646122033649179E-017
  0.64450599999999225       -2.1767729460804511E-017
  0.64251999999999221       -2.1889336887959844E-017
  0.64053399999999217       -2.2010944315115176E-017
  0.63854799999999212       -2.2132551742270509E-017
  0.63656199999999208       -2.2254159169425841E-017
  0.63457599999999204       -2.2375766596581174E-017
  0.63258999999999199       -2.2497374023736506E-017
  0.63060399999999195       -2.2618981450891839E-017
  0.62861799999999191       -2.2740588878047171E-017
  0.62663199999999186       -2.2862196305202504E-017
  0.62464599999999182       -2.2983803732357836E-017
  0.62265999999999178       -2.3105411159513169E-017
  0.62067399999999173       -2.3227018586668501E-017
  0.61868799999999169       -2.3348626013823834E-017
  0.61670199999999165       -2.3470233440979167E-017
  0.61471599999999160       -2.3591840868134499E-017
  0.61272999999999156       -2.3713448295289832E-017
  0.61074399999999152       -2.3835055722445164E-017
  0.60875799999999147       -2.3956663149600497E-017
  0.60677199999999143       -2.4078270576755829E-017
  0.60478599999999139       -2.4199878003911162E-017
  0.60279999999999134       -2.4321485431066494E-017
  0.60081399999999130       -2.4443092858221827E-017
  0.59882799999999126       -2.4564700285377159E-017
  0.59684199999999121       -2.4686307712532492E-017
  0.59485599999999117       -2.4807915139687824E-017
  0.59286999999999113       -2.4929522566843157E-017
  0.59088399999999108       -2.5051129993998489E-017
  0.58889799999999104       -2.5172737421153822E-017
  0.58691199999999100       -2.5294344848309155E-017
  0.58492599999999095       -2.5415952275464487E-017
  0.58293999999999091       -2.5537559702619820E-017
  0.58095399999999087       -2.5659167129775152E-017
  0.57896799999999082       -2.5780774556930485E-017
  0.57698199999999078       -2.5902381984085817E-017
  0.57499599999999074       -2.6023989411241150E-017
  0.57300999999999069       -2.6145596838396482E-017
  0.57102399999999065       -2.6267204265551815E-017
  0.56903799999999061       -2.6388811692707147E-017
  0.56705199999999056       -2.6510419119862480E-017
  0.56506599999999052       -2.6632026547017812E-017
  0.56307999999999048       -2.6753633974173145E-017
  0.56109399999999043       -2.6875241401328477E-017
  0.55910799999999039       -2.6996848828483810E-017
  0.55712199999999035       -2.7118456255639142E-017
  0.55513599999999030       -2.7240063682794475E-017
  0.55314999999999026       -2.7361671109949808E-017
  0.55116399999999022       -2.7483278537105140E-017
  0.54917799999999017       -2.7604885964260473E-017
  0.54719199999999013       -2.7726493391415805E-017
  0.54520599999999009       -2.7848100818571135E-017
  0.54321999999999004       -2.7969708245726464E-017
  0.54123399999999000       -2.8091315672881794E-017
  0.53924799999998996       -2.8212923100037123E-017
  0.53726199999998991       -2.8334530527192452E-017
  0.53527599999998987       -2.8456137954347782E-017
  0.53328999999998983       -2.8577745381503111E-017
  0.53130399999998978       -2.8699352808658441E-017
  0.52931799999998974       -2.8820960235813770E-017
  0.52733199999998970       -2.8942567662969100E-017
  0.52534599999998965       -2.9064175090124429E-017
  0.52335999999998961       -2.9185782517279759E-017
  0.52137399999998957       -2.9307389944435088E-017
  0.51938799999998952       -2.9428997371590417E-017
  0.51740199999998948       -2.9550604798745747E-017
  0.51541599999998944       -2.9672212225901076E-017
  0.51342999999998939       -2.9793819653056406E-017
  0.51144399999998935       -2.9915427080211735E-017
  0.50945799999998931       -3.0037034507367065E-017
  0.50747199999998927       -3.0158641934522394E-017
  0.50548599999998922       -3.0280249361677724E-017
  0.50349999999998918       -3.0401856788833053E-017
  0.50151399999998914       -3.0523464215988383E-017
  0.49952799999998915       -3.0645071643143712E-017
  0.49754199999998916       -3.0766679070299041E-017
  0.49555599999998917       -3.0888286497454371E-017
  0.49356999999998918       -3.1009893924609700E-017
  0.49158399999998920       -3.1131501351765030E-017
  0.48959799999998921       -3.1253108778920359E-017
  0.48761199999998922       -3.1374716206075689E-017
  0.48562599999998923       -3.1496323633231018E-017
  0.48363999999998925       -3.1617931060386348E-017
  0.48165399999998926       -3.1739538487541677E-017
  0.47966799999998927       -3.1861145914697007E-017
  0.47768199999998928       -3.1982753341852336E-017
  0.47569599999998929       -3.2104360769007665E-017
  0.47370999999998931       -3.2225968196162995E-017
  0.47172399999998932       -3.2347575623318324E-017
  0.46973799999998933       -3.2469183050473654E-017
  0.46775199999998934       -3.2590790477628983E-017
  0.46576599999998936       -3.2712397904784313E-017
  0.46377999999998937       -3.2834005331939642E-017
  0.46179399999998938       -3.2955612759094972E-017
  0.45980799999998939       -3.3077220186250301E-017
  0.45782199999998940       -3.3198827613405630E-017
  0.45583599999998942       -3.3320435040560960E-017
  0.45384999999998943       -3.3442042467716289E-017
  0.45186399999998944       -3.3563649894871619E-017
  0.44987799999998945       -3.3685257322026948E-017
  0.44789199999998947       -3.3806864749182278E-017
  0.44590599999998948       -3.3928472176337607E-017
  0.44391999999998949       -3.4050079603492937E-017
  0.44193399999998950       -3.4171687030648266E-017
  0.43994799999998951       -3.4293294457803596E-017
  0.43796199999998953       -3.4414901884958925E-017
  0.43597599999998954       -3.4536509312114254E-017
  0.43398999999998955       -3.4658116739269584E-017
  0.43200399999998956       -3.4779724166424913E-017
  0.43001799999998958       -3.4901331593580243E-017
  0.42803199999998959       -3.5022939020735572E-017
  0.42604599999998960       -3.5144546447890902E-017
  0.42405999999998961       -3.5266153875046231E-017
  0.42207399999998962       -3.5387761302201561E-017
  0.42008799999998964       -3.5509368729356890E-017
  0.41810199999998965       -3.5630976156512219E-017
  0.41611599999998966       -3.5752583583667549E-017
  0.41412999999998967       -3.5874191010822878E-017
  0.41214399999998969       -3.5995798437978208E-017
  0.41015799999998970       -3.6117405865133537E-017
  0.40817199999998971       -3.6239013292288867E-017
  0.40618599999998972       -3.6360620719444196E-017
  0.40419999999998973       -3.6482228146599526E-017
  0.40221399999998975       -3.6603835573754855E-017
  0.40022799999998976       -3.6725443000910185E-017
  0.39824199999998977       -3.6847050428065514E-017
  0.39625599999998978       -3.6968657855220843E-017
  0.39426999999998980       -3.7090265282376173E-017
  0.39228399999998981       -3.7211872709531502E-017
  0.39029799999998982       -3.7333480136686832E-017
  0.38831199999998983       -3.7455087563842161E-017
  0.38632599999998984       -3.7576694990997491E-017
  0.38433999999998986       -3.7698302418152820E-017
  0.38235399999998987       -3.7819909845308150E-017
  0.38036799999998988       -3.7941517272463479E-017
  0.37838199999998989       -3.8063124699618809E-017
  0.37639599999998991       -3.8184732126774138E-017
  0.37440999999998992       -3.8306339553929467E-017
  0.37242399999998993       -3.8427946981084797E-017
  0.37043799999998994       -3.8549554408240126E-017
  0.36845199999998995       -3.8671161835395456E-017
  0.36646599999998997       -3.8792769262550785E-017
  0.36447999999998998       -3.8914376689706115E-017
  0.36249399999998999       -3.9035984116861444E-017
  0.36050799999999000       -3.9157591544016774E-017
  0.35852199999999002       -3.9279198971172103E-017
  0.35653599999999003       -3.9400806398327432E-017
  0.35454999999999004       -3.9522413825482762E-017
  0.35256399999999005       -3.9644021252638091E-017
  0.35057799999999006       -3.9765628679793421E-017
  0.34859199999999008       -3.9887236106948750E-017
  0.34660599999999009       -4.0008843534104080E-017
  0.34461999999999010       -4.0130450961259409E-017
  0.34263399999999011       -4.0252058388414739E-017
  0.34064799999999013       -4.0373665815570068E-017
  0.33866199999999014       -4.0495273242725398E-017
  0.33667599999999015       -4.0616880669880727E-017
  0.33468999999999016       -4.0738488097036056E-017
  0.33270399999999017       -4.0860095524191386E-017
  0.33071799999999019       -4.0981702951346715E-017
  0.32873199999999020       -4.1103310378502045E-017
  0.32674599999999021       -4.1224917805657374E-017
  0.32475999999999022       -4.1346525232812704E-017
  0.32277399999999024       -4.1468132659968033E-017
  0.32078799999999025       -4.1589740087123363E-017
  0.31880199999999026       -4.1711347514278692E-017
  0.31681599999999027       -4.1832954941434022E-017
  0.31482999999999028       -4.1954562368589351E-017
  0.31284399999999030       -4.2076169795744680E-017
  0.31085799999999031       -4.2197777222900010E-017
  0.30887199999999032       -4.2319384650055339E-017
  0.30688599999999033       -4.2440992077210669E-017
  0.30489999999999035       -4.2562599504365998E-017
  0.30291399999999036       -4.2684206931521328E-017
  0.30092799999999037       -4.2805814358676657E-017
  0.29894199999999038       -4.2927421785831987E-017
  0.29695599999999039       -4.3049029212987316E-017
  0.29496999999999041       -4.3170636640142645E-017
  0.29298399999999042       -4.3292244067297975E-017
  0.29099799999999043       -4.3413851494453304E-017
  0.28901199999999044       -4.3535458921608634E-017
  0.28702599999999046       -4.3657066348763963E-017
  0.28503999999999047       -4.3778673775919293E-017
  0.28305399999999048       -4.3900281203074622E-017
  0.28106799999999049       -4.4021888630229952E-017
  0.27908199999999050       -4.4143496057385281E-017
  0.27709599999999052       -4.4265103484540611E-017
  0.27510999999999053       -4.4386710911695940E-017
  0.27312399999999054       -4.4508318338851269E-017
  0.27113799999999055       -4.4629925766006599E-017
  0.26915199999999057       -4.4751533193161928E-017
  0.26716599999999058       -4.4873140620317258E-017
  0.26517999999999059       -4.4994748047472587E-017
  0.26319399999999060       -4.5116355474627917E-017
  0.26120799999999061       -4.5237962901783246E-017
  0.25922199999999063       -4.5359570328938576E-017
  0.25723599999999064       -4.5481177756093905E-017
  0.25524999999999065       -4.5602785183249235E-017
  0.25326399999999066       -4.5724392610404564E-017
  0.25127799999999068       -4.5846000037559893E-017
  0.24929199999999069       -4.5967607464715223E-017
  0.24730599999999070       -4.6089214891870552E-017
  0.24531999999999071       -4.6210822319025882E-017
  0.24333399999999072       -4.6332429746181211E-017
  0.24134799999999074       -4.6454037173336541E-017
  0.23936199999999075       -4.6575644600491870E-017
  0.23737600122591654        2.2066662125732624E-006
  0.23539000245184233        4.4133324251931006E-006
  0.23340400367776812        6.6199986378129384E-006
  0.23141800490369391        8.8266648504327761E-006
  0.22943200612961970        1.1033331063052614E-005
  0.22744600735554549        1.3239997275672452E-005
  0.22546000858147128        1.5446663488292289E-005
  0.22347400980739707        1.7653329700912129E-005
  0.22148801103332286        1.9859995913531968E-005
  0.21950201225924865        2.2066662126151808E-005
  0.21751601348517444        2.4273328338771647E-005
  0.21553001471110023        2.6479994551391487E-005
  0.21354401593702602        2.8686660764011326E-005
  0.21155801716295181        3.0893326976631166E-005
  0.20957202206665348        3.5306656677591966E-005
  0.20758602697035516        3.9719986378552767E-005
  0.20560003187405684        4.4133316079513568E-005
  0.20361403677775852        4.8546645780474369E-005
  0.20162804168146020        5.2959975481435170E-005
  0.19964204658516188        5.7373305182395971E-005
  0.19765605148886356        6.1786634883356778E-005
  0.19567006252218669        6.8406622624103921E-005
  0.19368407355550982        7.5026610364851065E-005
  0.19169808458883295        8.1646598105598208E-005
  0.18971210420361548        9.0473235713308165E-005
  0.18772612381839801        9.9299873321018122E-005
  0.18574014343318054        1.0812651092872808E-004
  0.18375417408124986        1.1915978750631849E-004
  0.18176820472931918        1.3019306408390891E-004
  0.17978224886248906        1.4343296601005207E-004
  0.17779629299565894        1.5667286793619523E-004
  0.17581035306572648        1.7211937886533489E-004
  0.17382443152446914        1.8977247972770645E-004
  0.17183853082364164        2.0963214872936047E-004
  0.16985265341497299        2.3169836135218956E-004
  0.16786680175016347        2.5597109035395876E-004
  0.16588097828088150        2.8245030576833904E-004
  0.16389518545876078        3.1113597490494435E-004
  0.16190939263664006        3.3982164404154966E-004
  0.15992366846358841        3.7292011165542400E-004
  0.15793794429053676        4.0601857926929834E-004
  0.15595229857259546        4.4352968191128619E-004
  0.15396674111541836        4.8545323434145071E-004
  0.15198128172422340        5.3178902952998855E-004
  0.14999593020374430        5.8253683865825225E-004
  0.14801069635818206        6.3769641111988010E-004
  0.14602558999115658        6.9726747452203376E-004
  0.14404062090565822        7.6124973468674338E-004
  0.14205579890399941        8.2964287565236053E-004
  0.14007121590583368        9.0465169774331671E-004
  0.13808680449400498        9.8407051543796865E-004
  0.13610257446807181        1.0678989365447854E-003
  0.13411853562669693        1.1561365470964256E-003
  0.13213469776759901        1.2487829113517817E-003
  0.13015117975045459        1.3480415415233445E-003
  0.12816800361433239        1.4539113347384663E-003
  0.12618519139450238        1.5663911146672007E-003
  0.12420289866645792        1.6876822534288439E-003
  0.12222102125418782        1.8155803485418976E-003
  0.12023973185009028        1.9522854955218664E-003
  0.11825906959068171        2.0977949940246127E-003
  0.11627924627891456        2.2543058696319175E-003
  0.11430032302028945        2.4218132917736249E-003
  0.11232256044544953        2.6025097155417390E-003
  0.11034604645462813        2.7963871100138362E-003
  0.10837086889256617        3.0034368584487430E-003
  0.10639687208202417        3.2214565639113626E-003
  0.10442463067021578        3.4548228287142090E-003
  0.10245426396497062        3.7035215357099612E-003
  0.10048618572692244        3.9697245577085833E-003
   9.8520551457525432E-002   4.2534108615233717E-003
   9.6557852284780213E-002   4.5567389962310675E-003
   9.4598284476968483E-002   4.8796786292709723E-003
   9.2642043989238060E-002   5.2221974669488976E-003
   9.0689729942406622E-002   5.5864307198852919E-003
   8.8741155782288181E-002   5.9701685763950694E-003
   8.6796516364674947E-002   6.3733726630123590E-003
   8.4856950120266783E-002   6.8003138575022061E-003
   8.2923752923727279E-002   7.2552254964957652E-003
   8.0996792873196152E-002   7.7358718983933364E-003
   7.9075292175282724E-002   8.2378988577473007E-003
   7.7159488049854813E-002   8.7612443965583396E-003
   7.5250223302879921E-002   9.3079656472509521E-003
   7.3349054538950631E-002   9.8822071740143763E-003
   7.1459071063458085E-002   1.0492255092103678E-002
   6.9581665717041732E-002   1.1139978154258575E-002
   6.7714562794652350E-002   1.1816825756902634E-002
   6.5857430994523389E-002   1.2520571077988155E-002
   6.4012285669074936E-002   1.3255169422647154E-002
   6.2182200347839084E-002   1.4026521298898881E-002
   6.0367010608576237E-002   1.4832301796599634E-002
   5.8568298430761646E-002   1.5674222518153324E-002
   5.6794655545709553E-002   1.6567747512937516E-002
   5.5035125962379083E-002   1.7488753292172865E-002
   5.3300779195878160E-002   1.8456346850195954E-002
   5.1590600497986354E-002   1.9466042260345515E-002
   4.9894036020306926E-002   2.0498449628139997E-002
   4.8226800333874879E-002   2.1577579446969721E-002
   4.6575325460782295E-002   2.2680678147695928E-002
   4.4944980263674175E-002   2.3814772737342879E-002
   4.3338938576916335E-002   2.4983030457367029E-002
   4.1760590943894449E-002   2.6188441071777823E-002
   4.0224690999173869E-002   2.7447491253385897E-002
   3.8711415693505800E-002   2.8733645928864401E-002
   3.7225627730283005E-002   3.0051458559074880E-002
   3.5784584081870706E-002   3.1418056233363315E-002
   3.4368061937983717E-002   3.2810055161479931E-002
   3.2995524913137557E-002   3.4245442954177939E-002
   3.1647100536362424E-002   3.5703505950114192E-002
   3.0344683320341365E-002   3.7202807586014040E-002
   2.9067434195158906E-002   3.8723606939058561E-002
   2.7824293186874259E-002   4.0272411779418066E-002
   2.6600174394966709E-002   4.1836294506254965E-002
   2.5416416850837724E-002   4.3430946216415432E-002
   2.4271989448189774E-002   4.5054054937379150E-002
   2.3165742670312177E-002   4.6703422715176281E-002
   2.2096418629229248E-002   4.8376964496896137E-002
   2.1047628346719399E-002   5.0063450471730470E-002
   2.0028984188218826E-002   5.1768314125619733E-002
   1.9042722810615136E-002   5.3492113561472779E-002
   1.8091132369075766E-002   5.5235292161493699E-002
   1.7174593487089627E-002   5.6997152677484564E-002
   1.6293472767989158E-002   5.8776990388730133E-002
   1.5449553997464179E-002   6.0574765988952700E-002
   1.4641757120085516E-002   6.2389059296248210E-002
   1.3870405243833643E-002   6.4219144617484000E-002
   1.3133757191579349E-002   6.6063472583738903E-002
   1.2430011870493694E-002   6.7920604383867808E-002
   1.1753164267849505E-002   6.9787707306257149E-002
   1.1090858902857747E-002   7.1660018071996415E-002
   1.0449397445393322E-002   7.3539572061268238E-002
   9.8456528497076149E-003   7.5431578526156853E-002
   9.2692992681110732E-003   7.7332108070515701E-002
   8.7204569500626602E-003   7.9240764171000871E-002
   8.1992404051167648E-003   8.1157148608757210E-002
   7.7057583790321261E-003   8.3080861552502036E-002
   7.2379689633046210E-003   8.5010983067467696E-002
   6.7959553192650140E-003   8.6947170026023826E-002
   6.3819539581705959E-003   8.8889539422665975E-002
   5.9895595905688423E-003   9.0836388841669516E-002
   5.6209887648845051E-003   9.2787888661411855E-002
   5.2741235754257855E-003   9.4743363166574668E-002
   4.9490068446150165E-003   9.6702570943036095E-002
   4.6413179087378530E-003   9.8664591207645702E-002
   4.3532642328236362E-003  0.10062959021013713     
   4.0848746219999147E-003  0.10259737145224762     
   3.8317979400001975E-003  0.10456718062905333     
   3.5940494963243664E-003  0.10653889857985911     
   3.3716436732131776E-003  0.10851240602850130     
   3.1645939247782291E-003  0.11048758359056327     
   2.9707165303060929E-003  0.11246409758138465     
   2.7878227045590523E-003  0.11444165816162072     
   2.6181165826486778E-003  0.11642039407936874     
   2.4594060004258758E-003  0.11840004226808575     
   2.3116958563528076E-003  0.12038054162767613     
   2.1749907093728113E-003  0.12236183103177367     
   2.0470926142597315E-003  0.12434370844404377     
   1.9280040973915357E-003  0.12632613471635509     
   1.8177275111301166E-003  0.12830907068973460     
   1.7162650337748274E-003  0.13029247719514112     
   1.6214144628742256E-003  0.13227621088926436     
   1.5353813939381524E-003  0.13426034654769337     
   1.4537577241524253E-003  0.13624466849146427     
   1.3787489020614537E-003  0.13822925148963000     
   1.3059452180386813E-003  0.14021391660586313     
   1.2397574766168781E-003  0.14219881337468651     
   1.1735697351950749E-003  0.14418371014350989     
   1.1095874750303521E-003  0.14616867922900825     
   1.0456052148656292E-003  0.14815364831450661     
   9.8162295470090636E-004  0.15013861740000498     
   9.1764069453618351E-004  0.15212358648550334     
   8.5365843437146065E-004  0.15410855557100170     
   7.8967617420673780E-004  0.15609352465650006     
   7.2569391404201495E-004  0.15807849374199842     
   6.6171165387729210E-004  0.16006346282749678     
   5.9772939371256924E-004  0.16204843191299514     
   5.3374713354784639E-004  0.16403340099849351     
   4.6976487338312359E-004  0.16601837008399187     
   4.1019380998095768E-004  0.16800347645101735     
   3.5282845663834678E-004  0.16998864778272549     
   3.0208064751007256E-004  0.17197399930320459     
   2.6015709507989926E-004  0.17395955676038169     
   2.2485228815887230E-004  0.17594524293161024     
   1.9396020071443815E-004  0.17793100265497389     
   1.6968747171266374E-004  0.17991685431978341     
   1.5203437085028828E-004  0.18190277586104076     
   1.3438126998791282E-004  0.18388869740229810     
   1.2114136806176664E-004  0.18587465326912822     
   1.0790146613562045E-004  0.18786060913595834     
   9.6868189558027473E-005  0.18984657848788902     
   8.8041551950315388E-005  0.19183255887310649     
   7.9214914342603303E-005  0.19381853925832396     
   7.2594926601854480E-005  0.19580452822500083     
   6.5974938861105642E-005  0.19779051719167770     
   5.9354951120356812E-005  0.19977650615835457     
   5.2734963379607981E-005  0.20176249512503144     
   4.8321633678645933E-005  0.20374849022132976     
   4.3908303977683886E-005  0.20573448531762809     
   3.9494974276721838E-005  0.20772048041392641     
   3.5081644575759790E-005  0.20970647551022473     
   3.0668314874797743E-005  0.21169247060652305     
   2.6254985173835695E-005  0.21367846570282137     
   2.4048318961215053E-005  0.21566446447689558     
   2.1841652748594410E-005  0.21765046325096979     
   1.9634986535973768E-005  0.21963646202504400     
   1.7428320323353125E-005  0.22162246079911821     
   1.5221654110732481E-005  0.22360845957319242     
   1.3014987898111837E-005  0.22559445834726663     
   1.0808321685491193E-005  0.22758045712134084     
   8.6016554728705487E-006  0.22956645589541505     
   6.3949892602499046E-006  0.23155245466948926     
   4.1883230476292604E-006  0.23353845344356347     
   1.9816568350086167E-006  0.23552445221763768     
  -2.2500937761202704E-007  0.23751045099171189     
  -2.2500937761227024E-007  0.23949645099171188     
  -2.2500937761251344E-007  0.24148245099171187     
  -2.2500937761275665E-007  0.24346845099171185     
  -2.2500937761299985E-007  0.24545445099171184     
  -2.2500937761324306E-007  0.24744045099171183     
  -2.2500937761348626E-007  0.24942645099171182     
  -2.2500937761372947E-007  0.25141245099171183     
  -2.2500937761397267E-007  0.25339845099171182     
  -2.2500937761421587E-007  0.25538445099171181     
  -2.2500937761445908E-007  0.25737045099171180     
  -2.2500937761470228E-007  0.25935645099171178     
  -2.2500937761494549E-007  0.26134245099171177     
  -2.2500937761518869E-007  0.26332845099171176     
  -2.2500937761543190E-007  0.26531445099171175     
  -2.2500937761567510E-007  0.26730045099171174     
  -2.2500937761591830E-007  0.26928645099171172     
  -2.2500937761616151E-007  0.27127245099171171     
  -2.2500937761640471E-007  0.27325845099171170     
  -2.2500937761664792E-007  0.27524445099171169     
  -2.2500937761689112E-007  0.27723045099171167     
  -2.2500937761713433E-007  0.27921645099171166     
  -2.2500937761737753E-007  0.28120245099171165     
  -2.2500937761762074E-007  0.28318845099171164     
  -2.2500937761786394E-007  0.28517445099171163     
  -2.2500937761810714E-007  0.28716045099171161     
  -2.2500937761835035E-007  0.28914645099171160     
  -2.2500937761859355E-007  0.29113245099171159     
  -2.2500937761883676E-007  0.29311845099171158     
  -2.2500937761907996E-007  0.29510445099171156     
  -2.2500937761932317E-007  0.29709045099171155     
  -2.2500937761956637E-007  0.29907645099171154     
  -2.2500937761980957E-007  0.30106245099171153     
  -2.2500937762005278E-007  0.30304845099171152     
  -2.2500937762029598E-007  0.30503445099171150     
  -2.2500937762053919E-007  0.30702045099171149     
  -2.2500937762078239E-007  0.30900645099171148     
  -2.2500937762102560E-007  0.31099245099171147     
  -2.2500937762126880E-007  0.31297845099171145     
  -2.2500937762151200E-007  0.31496445099171144     
  -2.2500937762175521E-007  0.31695045099171143     
  -2.2500937762199841E-007  0.31893645099171142     
  -2.2500937762224162E-007  0.32092245099171141     
  -2.2500937762248482E-007  0.32290845099171139     
  -2.2500937762272803E-007  0.32489445099171138     
  -2.2500937762297123E-007  0.32688045099171137     
  -2.2500937762321443E-007  0.32886645099171136     
  -2.2500937762345764E-007  0.33085245099171134     
  -2.2500937762370084E-007  0.33283845099171133     
  -2.2500937762394405E-007  0.33482445099171132     
  -2.2500937762418725E-007  0.33681045099171131     
  -2.2500937762443046E-007  0.33879645099171130     
  -2.2500937762467366E-007  0.34078245099171128     
  -2.2500937762491687E-007  0.34276845099171127     
  -2.2500937762516007E-007  0.34475445099171126     
  -2.2500937762540327E-007  0.34674045099171125     
  -2.2500937762564648E-007  0.34872645099171123     
  -2.2500937762588968E-007  0.35071245099171122     
  -2.2500937762613289E-007  0.35269845099171121     
  -2.2500937762637609E-007  0.35468445099171120     
  -2.2500937762661930E-007  0.35667045099171119     
  -2.2500937762686250E-007  0.35865645099171117     
  -2.2500937762710570E-007  0.36064245099171116     
  -2.2500937762734891E-007  0.36262845099171115     
  -2.2500937762759211E-007  0.36461445099171114     
  -2.2500937762783532E-007  0.36660045099171112     
  -2.2500937762807852E-007  0.36858645099171111     
  -2.2500937762832173E-007  0.37057245099171110     
  -2.2500937762856493E-007  0.37255845099171109     
  -2.2500937762880813E-007  0.37454445099171108     
  -2.2500937762905134E-007  0.37653045099171106     
  -2.2500937762929454E-007  0.37851645099171105     
  -2.2500937762953775E-007  0.38050245099171104     
  -2.2500937762978095E-007  0.38248845099171103     
  -2.2500937763002416E-007  0.38447445099171101     
  -2.2500937763026736E-007  0.38646045099171100     
  -2.2500937763051056E-007  0.38844645099171099     
  -2.2500937763075377E-007  0.39043245099171098     
  -2.2500937763099697E-007  0.39241845099171097     
  -2.2500937763124018E-007  0.39440445099171095     
  -2.2500937763148338E-007  0.39639045099171094     
  -2.2500937763172659E-007  0.39837645099171093     
  -2.2500937763196979E-007  0.40036245099171092     
  -2.2500937763221300E-007  0.40234845099171090     
  -2.2500937763245620E-007  0.40433445099171089     
  -2.2500937763269940E-007  0.40632045099171088     
  -2.2500937763294261E-007  0.40830645099171087     
  -2.2500937763318581E-007  0.41029245099171086     
  -2.2500937763342902E-007  0.41227845099171084     
  -2.2500937763367222E-007  0.41426445099171083     
  -2.2500937763391543E-007  0.41625045099171082     
  -2.2500937763415863E-007  0.41823645099171081     
  -2.2500937763440183E-007  0.42022245099171079     
  -2.2500937763464504E-007  0.42220845099171078     
  -2.2500937763488824E-007  0.42419445099171077     
  -2.2500937763513145E-007  0.42618045099171076     
  -2.2500937763537465E-007  0.42816645099171075     
  -2.2500937763561786E-007  0.43015245099171073     
  -2.2500937763586106E-007  0.43213845099171072     
  -2.2500937763610426E-007  0.43412445099171071     
  -2.2500937763634747E-007  0.43611045099171070     
  -2.2500937763659067E-007  0.43809645099171068     
  -2.2500937763683388E-007  0.44008245099171067     
  -2.2500937763707708E-007  0.44206845099171066     
  -2.2500937763732029E-007  0.44405445099171065     
  -2.2500937763756349E-007  0.44604045099171064     
  -2.2500937763780669E-007  0.44802645099171062     
  -2.2500937763804990E-007  0.45001245099171061     
  -2.2500937763829310E-007  0.45199845099171060     
  -2.2500937763853631E-007  0.45398445099171059     
  -2.2500937763877951E-007  0.45597045099171057     
  -2.2500937763902272E-007  0.45795645099171056     
  -2.2500937763926592E-007  0.45994245099171055     
  -2.2500937763950913E-007  0.46192845099171054     
  -2.2500937763975233E-007  0.46391445099171053     
  -2.2500937763999553E-007  0.46590045099171051     
  -2.2500937764023874E-007  0.46788645099171050     
  -2.2500937764048194E-007  0.46987245099171049     
  -2.2500937764072515E-007  0.47185845099171048     
  -2.2500937764096835E-007  0.47384445099171046     
  -2.2500937764121156E-007  0.47583045099171045     
  -2.2500937764145476E-007  0.47781645099171044     
  -2.2500937764169796E-007  0.47980245099171043     
  -2.2500937764194117E-007  0.48178845099171042     
  -2.2500937764218437E-007  0.48377445099171040     
  -2.2500937764242758E-007  0.48576045099171039     
  -2.2500937764267078E-007  0.48774645099171038     
  -2.2500937764291399E-007  0.48973245099171037     
  -2.2500937764315719E-007  0.49171845099171035     
  -2.2500937764340039E-007  0.49370445099171034     
  -2.2500937764364360E-007  0.49569045099171033     
  -2.2500937764388680E-007  0.49767645099171032     
  -2.2500937764413001E-007  0.49966245099171031     
  -2.2500937764437321E-007  0.50164845099171029     
  -2.2500937764461642E-007  0.50363445099171034     
  -2.2500937764485962E-007  0.50562045099171038     
  -2.2500937764510282E-007  0.50760645099171042     
  -2.2500937764534603E-007  0.50959245099171047     
  -2.2500937764558923E-007  0.51157845099171051     
  -2.2500937764583244E-007  0.51356445099171055     
  -2.2500937764607564E-007  0.51555045099171060     
  -2.2500937764631885E-007  0.51753645099171064     
  -2.2500937764656205E-007  0.51952245099171068     
  -2.2500937764680526E-007  0.52150845099171073     
  -2.2500937764704846E-007  0.52349445099171077     
  -2.2500937764729166E-007  0.52548045099171081     
  -2.2500937764753487E-007  0.52746645099171086     
  -2.2500937764777807E-007  0.52945245099171090     
  -2.2500937764802128E-007  0.53143845099171094     
  -2.2500937764826448E-007  0.53342445099171099     
  -2.2500937764850769E-007  0.53541045099171103     
  -2.2500937764875089E-007  0.53739645099171107     
  -2.2500937764899409E-007  0.53938245099171112     
  -2.2500937764923730E-007  0.54136845099171116     
  -2.2500937764948050E-007  0.54335445099171120     
  -2.2500937764972371E-007  0.54534045099171125     
  -2.2500937764996691E-007  0.54732645099171129     
  -2.2500937765021012E-007  0.54931245099171133     
  -2.2500937765045332E-007  0.55129845099171138     
  -2.2500937765069652E-007  0.55328445099171142     
  -2.2500937765093973E-007  0.55527045099171146     
  -2.2500937765118293E-007  0.55725645099171150     
  -2.2500937765142614E-007  0.55924245099171155     
  -2.2500937765166934E-007  0.56122845099171159     
  -2.2500937765191255E-007  0.56321445099171163     
  -2.2500937765215575E-007  0.56520045099171168     
  -2.2500937765239895E-007  0.56718645099171172     
  -2.2500937765264216E-007  0.56917245099171176     
  -2.2500937765288536E-007  0.57115845099171181     
  -2.2500937765312857E-007  0.57314445099171185     
  -2.2500937765337177E-007  0.57513045099171189     
  -2.2500937765361498E-007  0.57711645099171194     
  -2.2500937765385818E-007  0.57910245099171198     
  -2.2500937765410139E-007  0.58108845099171202     
  -2.2500937765434459E-007  0.58307445099171207     
  -2.2500937765458779E-007  0.58506045099171211     
  -2.2500937765483100E-007  0.58704645099171215     
  -2.2500937765507420E-007  0.58903245099171220     
  -2.2500937765531741E-007  0.59101845099171224     
  -2.2500937765556061E-007  0.59300445099171228     
  -2.2500937765580382E-007  0.59499045099171233     
  -2.2500937765604702E-007  0.59697645099171237     
  -2.2500937765629022E-007  0.59896245099171241     
  -2.2500937765653343E-007  0.60094845099171246     
  -2.2500937765677663E-007  0.60293445099171250     
  -2.2500937765701984E-007  0.60492045099171254     
  -2.2500937765726304E-007  0.60690645099171259     
  -2.2500937765750625E-007  0.60889245099171263     
  -2.2500937765774945E-007  0.61087845099171267     
  -2.2500937765799265E-007  0.61286445099171272     
  -2.2500937765823586E-007  0.61485045099171276     
  -2.2500937765847906E-007  0.61683645099171280     
  -2.2500937765872227E-007  0.61882245099171285     
  -2.2500937765896547E-007  0.62080845099171289     
  -2.2500937765920868E-007  0.62279445099171293     
  -2.2500937765945188E-007  0.62478045099171298     
  -2.2500937765969508E-007  0.62676645099171302     
  -2.2500937765993829E-007  0.62875245099171306     
  -2.2500937766018149E-007  0.63073845099171311     
  -2.2500937766042470E-007  0.63272445099171315     
  -2.2500937766066790E-007  0.63471045099171319     
  -2.2500937766091111E-007  0.63669645099171324     
  -2.2500937766115431E-007  0.63868245099171328     
  -2.2500937766139752E-007  0.64066845099171332     
  -2.2500937766164072E-007  0.64265445099171337     
  -2.2500937766188392E-007  0.64464045099171341     
  -2.2500937766212713E-007  0.64662645099171345     
  -2.2500937766237033E-007  0.64861245099171350     
  -2.2500937766261354E-007  0.65059845099171354     
  -2.2500937766285674E-007  0.65258445099171358     
  -2.2500937766309995E-007  0.65457045099171363     
  -2.2500937766334315E-007  0.65655645099171367     
  -2.2500937766358635E-007  0.65854245099171371     
  -2.2500937766382956E-007  0.66052845099171376     
  -2.2500937766407276E-007  0.66251445099171380     
  -2.2500937766431597E-007  0.66450045099171384     
  -2.2500937766455917E-007  0.66648645099171389     
  -2.2500937766480238E-007  0.66847245099171393     
  -2.2500937766504558E-007  0.67045845099171397     
  -2.2500937766528878E-007  0.67244445099171402     
  -2.2500937766553199E-007  0.67443045099171406     
  -2.2500937766577519E-007  0.67641645099171410     
  -2.2500937766601840E-007  0.67840245099171415     
  -2.2500937766626160E-007  0.68038845099171419     
  -2.2500937766650481E-007  0.68237445099171423     
  -2.2500937766674801E-007  0.68436045099171428     
  -2.2500937766699122E-007  0.68634645099171432     
  -2.2500937766723442E-007  0.68833245099171436     
  -2.2500937766747762E-007  0.69031845099171441     
  -2.2500937766772083E-007  0.69230445099171445     
  -2.2500937766796403E-007  0.69429045099171449     
  -2.2500937766820724E-007  0.69627645099171454     
  -2.2500937766845044E-007  0.69826245099171458     
  -2.2500937766869365E-007  0.70024845099171462     
  -2.2500937766893685E-007  0.70223445099171466     
  -2.2500937766918005E-007  0.70422045099171471     
  -2.2500937766942326E-007  0.70620645099171475     
  -2.2500937766966646E-007  0.70819245099171479     
  -2.2500937766990967E-007  0.71017845099171484     
  -2.2500937767015287E-007  0.71216445099171488     
  -2.2500937767039608E-007  0.71415045099171492     
  -2.2500937767063928E-007  0.71613645099171497     
  -2.2500937767088248E-007  0.71812245099171501     
  -2.2500937767112569E-007  0.72010845099171505     
  -2.2500937767136889E-007  0.72209445099171510     
  -2.2500937767161210E-007  0.72408045099171514     
  -2.2500937767185530E-007  0.72606645099171518     
  -2.2500937767209851E-007  0.72805245099171523     
  -2.2500937767234171E-007  0.73003845099171527     
  -2.2500937767258491E-007  0.73202445099171531     
  -2.2500937767282812E-007  0.73401045099171536     
  -2.2500937767307132E-007  0.73599645099171540     
  -2.2500937767331453E-007  0.73798245099171544     
  -2.2500937767355773E-007  0.73996845099171549     
  -2.2500937767380094E-007  0.74195445099171553     
  -2.2500937767404414E-007  0.74394045099171557     
  -2.2500937767428735E-007  0.74592645099171562     
  -2.2500937767453055E-007  0.74791245099171566     
  -2.2500937767477375E-007  0.74989845099171570     
  -2.2500937767501696E-007  0.75188445099171575     
  -2.2500937767526016E-007  0.75387045099171579     
  -2.2500937767550337E-007  0.75585645099171583     
  -2.2500937767574657E-007  0.75784245099171588     
  -2.2500937767598978E-007  0.75982845099171592     
  -2.2500937767623298E-007  0.76181445099171596     
  -2.2500937767647618E-007  0.76380045099171601     
  -2.2500937767671939E-007  0.76578645099171605     
  -2.2500937767696259E-007  0.76777245099171609     
  -2.2500937767720580E-007  0.76975845099171614     
  -2.2500937767744900E-007  0.77174445099171618     
  -2.2500937767769221E-007  0.77373045099171622     
  -2.2500937767793541E-007  0.77571645099171627     
  -2.2500937767817861E-007  0.77770245099171631     
  -2.2500937767842182E-007  0.77968845099171635     
  -2.2500937767866502E-007  0.78167445099171640     
  -2.2500937767890823E-007  0.78366045099171644     
  -2.2500937767915143E-007  0.78564645099171648     
  -2.2500937767939464E-007  0.78763245099171653     
  -2.2500937767963784E-007  0.78961845099171657     
  -2.2500937767988104E-007  0.79160445099171661     
  -2.2500937768012425E-007  0.79359045099171666     
  -2.2500937768036745E-007  0.79557645099171670     
  -2.2500937768061066E-007  0.79756245099171674     
  -2.2500937768085386E-007  0.79954845099171679     
  -2.2500937768109707E-007  0.80153445099171683     
  -2.2500937768134027E-007  0.80352045099171687     
  -2.2500937768158348E-007  0.80550645099171692     
  -2.2500937768182668E-007  0.80749245099171696     
  -2.2500937768206988E-007  0.80947845099171700     
  -2.2500937768231309E-007  0.81146445099171705     
  -2.2500937768255629E-007  0.81345045099171709     
  -2.2500937768279950E-007  0.81543645099171713     
  -2.2500937768304270E-007  0.81742245099171718     
  -2.2500937768328591E-007  0.81940845099171722     
  -2.2500937768352911E-007  0.82139445099171726     
  -2.2500937768377231E-007  0.82338045099171731     
  -2.2500937768401552E-007  0.82536645099171735     
  -2.2500937768425872E-007  0.82735245099171739     
  -2.2500937768450193E-007  0.82933845099171744     
  -2.2500937768474513E-007  0.83132445099171748     
  -2.2500937768498834E-007  0.83331045099171752     
  -2.2500937768523154E-007  0.83529645099171757     
  -2.2500937768547474E-007  0.83728245099171761     
  -2.2500937768571795E-007  0.83926845099171765     
   3.1381899493313569E-007  0.84035029792832683     
